0.300000 1.616300 0.001130
0.302000 1.615800 0.001130
0.304000 1.615400 0.001130
0.306000 1.615000 0.001130
0.308000 1.614500 0.001130
0.310000 1.614100 0.001130
0.312000 1.613700 0.001130
0.314000 1.613200 0.001130
0.316000 1.612800 0.001130
0.318000 1.612400 0.001130
0.320000 1.611900 0.001130
0.322000 1.611500 0.001130
0.324000 1.611100 0.001130
0.326000 1.610600 0.001130
0.328000 1.610200 0.001130
0.330000 1.609800 0.001130
0.332000 1.609400 0.001130
0.334000 1.608900 0.001130
0.336000 1.608500 0.001130
0.338000 1.608100 0.001130
0.340000 1.607700 0.001130
0.342000 1.607200 0.001130
0.344000 1.606800 0.001130
0.346000 1.606400 0.001130
0.348000 1.606000 0.001130
0.350000 1.605500 0.001130
0.352000 1.605100 0.001130
0.354000 1.604700 0.001130
0.356000 1.604300 0.001130
0.358000 1.603900 0.001130
0.360000 1.603400 0.001130
0.362000 1.603000 0.001130
0.364000 1.602600 0.001130
0.366000 1.602200 0.001130
0.368000 1.601800 0.001130
0.370000 1.601300 0.001130
0.372000 1.600900 0.001130
0.374000 1.600500 0.001130
0.376000 1.600100 0.001130
0.378000 1.599700 0.001130
0.380000 1.599300 0.001130
0.382000 1.598900 0.001130
0.384000 1.598400 0.001130
0.386000 1.598000 0.001130
0.388000 1.597600 0.001130
0.390000 1.597200 0.001140
0.392000 1.596800 0.001140
0.394000 1.596400 0.001140
0.396000 1.596000 0.001140
0.398000 1.595600 0.001140
0.400000 1.595200 0.001140
0.402000 1.594800 0.001140
0.404000 1.594400 0.001140
0.406000 1.594000 0.001140
0.408000 1.593600 0.001140
0.410000 1.593100 0.001140
0.412000 1.592700 0.001140
0.414000 1.592300 0.001140
0.416000 1.591900 0.001140
0.418000 1.591500 0.001140
0.420000 1.591100 0.001150
0.422000 1.590700 0.001150
0.424000 1.590300 0.001150
0.426000 1.589900 0.001150
0.428000 1.589500 0.001150
0.430000 1.589100 0.001150
0.432000 1.588700 0.001150
0.434000 1.588300 0.001150
0.436000 1.587900 0.001150
0.438000 1.587500 0.001150
0.440000 1.587100 0.001150
0.442000 1.586800 0.001160
0.444000 1.586400 0.001160
0.446000 1.586000 0.001160
0.448000 1.585600 0.001160
0.450000 1.585200 0.001160
0.452000 1.584800 0.001160
0.454000 1.584400 0.001160
0.456000 1.584000 0.001160
0.458000 1.583600 0.001160
0.460000 1.583200 0.001160
0.462000 1.582800 0.001170
0.464000 1.582400 0.001170
0.466000 1.582100 0.001170
0.468000 1.581700 0.001170
0.470000 1.581300 0.001170
0.472000 1.580900 0.001170
0.474000 1.580500 0.001170
0.476000 1.580100 0.001170
0.478000 1.579700 0.001180
0.480000 1.579400 0.001180
0.482000 1.579000 0.001180
0.484000 1.578600 0.001180
0.486000 1.578200 0.001180
0.488000 1.577800 0.001180
0.490000 1.577400 0.001180
0.492000 1.577100 0.001190
0.494000 1.576700 0.001190
0.496000 1.576300 0.001190
0.498000 1.575900 0.001190
0.500000 1.575600 0.001190
0.502000 1.575200 0.001190
0.504000 1.574800 0.001190
0.506000 1.574400 0.001200
0.508000 1.574000 0.001200
0.510000 1.573700 0.001200
0.512000 1.573300 0.001200
0.514000 1.572900 0.001200
0.516000 1.572600 0.001200
0.518000 1.572200 0.001200
0.520000 1.571800 0.001210
0.522000 1.571400 0.001210
0.524000 1.571100 0.001210
0.526000 1.570700 0.001210
0.528000 1.570300 0.001210
0.530000 1.570000 0.001210
0.532000 1.569600 0.001220
0.534000 1.569200 0.001220
0.536000 1.568900 0.001220
0.538000 1.568500 0.001220
0.540000 1.568100 0.001220
0.542000 1.567800 0.001220
0.544000 1.567400 0.001230
0.546000 1.567000 0.001230
0.548000 1.566700 0.001230
0.550000 1.566300 0.001230
0.552000 1.565900 0.001230
0.554000 1.565600 0.001240
0.556000 1.565200 0.001240
0.558000 1.564800 0.001240
0.560000 1.564500 0.001240
0.562000 1.564100 0.001240
0.564000 1.563800 0.001240
0.566000 1.563400 0.001250
0.568000 1.563100 0.001250
0.570000 1.562700 0.001250
0.572000 1.562300 0.001250
0.574000 1.562000 0.001250
0.576000 1.561600 0.001260
0.578000 1.561300 0.001260
0.580000 1.560900 0.001260
0.582000 1.560600 0.001260
0.584000 1.560200 0.001260
0.586000 1.559900 0.001270
0.588000 1.559500 0.001270
0.590000 1.559200 0.001270
0.592000 1.558800 0.001270
0.594000 1.558500 0.001270
0.596000 1.558100 0.001280
0.598000 1.557800 0.001280
0.600000 1.557400 0.001280
0.602000 1.557100 0.001280
0.604000 1.556700 0.001290
0.606000 1.556400 0.001290
0.608000 1.556000 0.001290
0.610000 1.555700 0.001290
0.612000 1.555300 0.001290
0.614000 1.555000 0.001300
0.616000 1.554600 0.001300
0.618000 1.554300 0.001300
0.620000 1.554000 0.001300
0.622000 1.553600 0.001300
0.624000 1.553300 0.001310
0.626000 1.552900 0.001310
0.628000 1.552600 0.001310
0.630000 1.552200 0.001310
0.632000 1.551900 0.001320
0.634000 1.551600 0.001320
0.636000 1.551200 0.001320
0.638000 1.550900 0.001320
0.640000 1.550600 0.001330
0.642000 1.550200 0.001330
0.644000 1.549900 0.001330
0.646000 1.549600 0.001330
0.648000 1.549200 0.001330
0.650000 1.548900 0.001340
0.652000 1.548600 0.001340
0.654000 1.548200 0.001340
0.656000 1.547900 0.001340
0.658000 1.547600 0.001350
0.660000 1.547200 0.001350
0.662000 1.546900 0.001350
0.664000 1.546600 0.001350
0.666000 1.546200 0.001360
0.668000 1.545900 0.001360
0.670000 1.545600 0.001360
0.672000 1.545300 0.001360
0.674000 1.544900 0.001370
0.676000 1.544600 0.001370
0.678000 1.544300 0.001370
0.680000 1.543900 0.001370
0.682000 1.543600 0.001380
0.684000 1.543300 0.001380
0.686000 1.543000 0.001380
0.688000 1.542700 0.001380
0.690000 1.542300 0.001390
0.692000 1.542000 0.001390
0.694000 1.541700 0.001390
0.696000 1.541400 0.001390
0.698000 1.541000 0.001400
0.700000 1.540700 0.001400
0.702000 1.540400 0.001400
0.704000 1.540100 0.001400
0.706000 1.539800 0.001410
0.708000 1.539500 0.001410
0.710000 1.539100 0.001410
0.712000 1.538800 0.001410
0.714000 1.538500 0.001420
0.716000 1.538200 0.001420
0.718000 1.537900 0.001420
0.720000 1.537600 0.001430
0.722000 1.537300 0.001430
0.724000 1.536900 0.001430
0.726000 1.536600 0.001430
0.728000 1.536300 0.001440
0.730000 1.536000 0.001440
0.732000 1.535700 0.001440
0.734000 1.535400 0.001440
0.736000 1.535100 0.001450
0.738000 1.534800 0.001450
0.740000 1.534500 0.001450
0.742000 1.534200 0.001450
0.744000 1.533900 0.001460
0.746000 1.533600 0.001460
0.748000 1.533200 0.001460
0.750000 1.532900 0.001470
0.752000 1.532600 0.001470
0.754000 1.532300 0.001470
0.756000 1.532000 0.001470
0.758000 1.531700 0.001480
0.760000 1.531400 0.001480
0.762000 1.531100 0.001480
0.764000 1.530800 0.001480
0.766000 1.530500 0.001490
0.768000 1.530200 0.001490
0.770000 1.529900 0.001490
0.772000 1.529600 0.001500
0.774000 1.529300 0.001500
0.776000 1.529000 0.001500
0.778000 1.528700 0.001500
0.780000 1.528400 0.001510
0.782000 1.528200 0.001510
0.784000 1.527900 0.001510
0.786000 1.527600 0.001520
0.788000 1.527300 0.001520
0.790000 1.527000 0.001520
0.792000 1.526700 0.001520
0.794000 1.526400 0.001530
0.796000 1.526100 0.001530
0.798000 1.525800 0.001530
0.800000 1.525500 0.001540
0.802000 1.525200 0.001540
0.804000 1.524900 0.001540
0.806000 1.524700 0.001540
0.808000 1.524400 0.001550
0.810000 1.524100 0.001550
0.812000 1.523800 0.001550
0.814000 1.523500 0.001560
0.816000 1.523200 0.001560
0.818000 1.522900 0.001560
0.820000 1.522700 0.001560
0.822000 1.522400 0.001570
0.824000 1.522100 0.001570
0.826000 1.521800 0.001570
0.828000 1.521500 0.001580
0.830000 1.521300 0.001580
0.832000 1.521000 0.001580
0.834000 1.520700 0.001580
0.836000 1.520400 0.001590
0.838000 1.520100 0.001590
0.840000 1.519900 0.001590
0.842000 1.519600 0.001600
0.844000 1.519300 0.001600
0.846000 1.519000 0.001600
0.848000 1.518700 0.001610
0.850000 1.518500 0.001610
0.852000 1.518200 0.001610
0.854000 1.517900 0.001610
0.856000 1.517700 0.001620
0.858000 1.517400 0.001620
0.860000 1.517100 0.001620
0.862000 1.516800 0.001630
0.864000 1.516600 0.001630
0.866000 1.516300 0.001630
0.868000 1.516000 0.001630
0.870000 1.515800 0.001640
0.872000 1.515500 0.001640
0.874000 1.515200 0.001640
0.876000 1.515000 0.001650
0.878000 1.514700 0.001650
0.880000 1.514400 0.001650
0.882000 1.514200 0.001660
0.884000 1.513900 0.001660
0.886000 1.513600 0.001660
0.888000 1.513400 0.001660
0.890000 1.513100 0.001670
0.892000 1.512800 0.001670
0.894000 1.512600 0.001670
0.896000 1.512300 0.001680
0.898000 1.512100 0.001680
0.900000 1.511800 0.001680
0.902000 1.511500 0.001680
0.904000 1.511300 0.001690
0.906000 1.511000 0.001690
0.908000 1.510800 0.001690
0.910000 1.510500 0.001700
0.912000 1.510200 0.001700
0.914000 1.510000 0.001700
0.916000 1.509700 0.001710
0.918000 1.509500 0.001710
0.920000 1.509200 0.001710
0.922000 1.509000 0.001710
0.924000 1.508700 0.001720
0.926000 1.508500 0.001720
0.928000 1.508200 0.001720
0.930000 1.508000 0.001730
0.932000 1.507700 0.001730
0.934000 1.507500 0.001730
0.936000 1.507200 0.001730
0.938000 1.507000 0.001740
0.940000 1.506700 0.001740
0.942000 1.506500 0.001740
0.944000 1.506200 0.001750
0.946000 1.506000 0.001750
0.948000 1.505700 0.001750
0.950000 1.505500 0.001760
0.952000 1.505200 0.001760
0.954000 1.505000 0.001760
0.956000 1.504700 0.001760
0.958000 1.504500 0.001770
0.960000 1.504300 0.001770
0.962000 1.504000 0.001770
0.964000 1.503800 0.001780
0.966000 1.503500 0.001780
0.968000 1.503300 0.001780
0.970000 1.503100 0.001780
0.972000 1.502800 0.001790
0.974000 1.502600 0.001790
0.976000 1.502300 0.001790
0.978000 1.502100 0.001800
0.980000 1.501900 0.001800
0.982000 1.501600 0.001800
0.984000 1.501400 0.001800
0.986000 1.501200 0.001810
0.988000 1.500900 0.001810
0.990000 1.500700 0.001810
0.992000 1.500500 0.001820
0.994000 1.500200 0.001820
0.996000 1.500000 0.001820
0.998000 1.499800 0.001820
1.000000 1.499500 0.001830
1.002000 1.499300 0.001830
1.004000 1.499100 0.001830
1.006000 1.498800 0.001840
1.008000 1.498600 0.001840
1.010000 1.498400 0.001840
1.012000 1.498200 0.001840
1.014000 1.497900 0.001850
1.016000 1.497700 0.001850
1.018000 1.497500 0.001850
1.020000 1.497300 0.001860
1.022000 1.497000 0.001860
1.024000 1.496800 0.001860
1.026000 1.496600 0.001860
1.028000 1.496400 0.001870
1.030000 1.496100 0.001870
1.032000 1.495900 0.001870
1.034000 1.495700 0.001880
1.036000 1.495500 0.001880
1.038000 1.495300 0.001880
1.040000 1.495000 0.001880
1.042000 1.494800 0.001890
1.044000 1.494600 0.001890
1.046000 1.494400 0.001890
1.048000 1.494200 0.001900
1.050000 1.494000 0.001900
1.052000 1.493700 0.001900
1.054000 1.493500 0.001900
1.056000 1.493300 0.001910
1.058000 1.493100 0.001910
1.060000 1.492900 0.001910
1.062000 1.492700 0.001910
1.064000 1.492500 0.001920
1.066000 1.492200 0.001920
1.068000 1.492000 0.001920
1.070000 1.491800 0.001930
1.072000 1.491600 0.001930
1.074000 1.491400 0.001930
1.076000 1.491200 0.001930
1.078000 1.491000 0.001940
1.080000 1.490800 0.001940
1.082000 1.490600 0.001940
1.084000 1.490400 0.001940
1.086000 1.490200 0.001950
1.088000 1.490000 0.001950
1.090000 1.489800 0.001950
1.092000 1.489600 0.001950
1.094000 1.489300 0.001960
1.096000 1.489100 0.001960
1.098000 1.488900 0.001960
1.100000 1.488700 0.001960
1.102000 1.488500 0.001970
1.104000 1.488300 0.001970
1.106000 1.488100 0.001970
1.108000 1.487900 0.001980
1.110000 1.487700 0.001980
1.112000 1.487500 0.001980
1.114000 1.487300 0.001980
1.116000 1.487200 0.001990
1.118000 1.487000 0.001990
1.120000 1.486800 0.001990
1.122000 1.486600 0.001990
1.124000 1.486400 0.002000
1.126000 1.486200 0.002000
1.128000 1.486000 0.002000
1.130000 1.485800 0.002000
1.132000 1.485600 0.002010
1.134000 1.485400 0.002010
1.136000 1.485200 0.002010
1.138000 1.485000 0.002010
1.140000 1.484800 0.002010
1.142000 1.484700 0.002020
1.144000 1.484500 0.002020
1.146000 1.484300 0.002020
1.148000 1.484100 0.002020
1.150000 1.483900 0.002030
1.152000 1.483700 0.002030
1.154000 1.483500 0.002030
1.156000 1.483300 0.002030
1.158000 1.483200 0.002040
1.160000 1.483000 0.002040
1.162000 1.482800 0.002040
1.164000 1.482600 0.002040
1.166000 1.482400 0.002050
1.168000 1.482200 0.002050
1.170000 1.482100 0.002050
1.172000 1.481900 0.002050
1.174000 1.481700 0.002050
1.176000 1.481500 0.002060
1.178000 1.481300 0.002060
1.180000 1.481200 0.002060
1.182000 1.481000 0.002060
1.184000 1.480800 0.002070
1.186000 1.480600 0.002070
1.188000 1.480500 0.002070
1.190000 1.480300 0.002070
1.192000 1.480100 0.002070
1.194000 1.479900 0.002080
1.196000 1.479800 0.002080
1.198000 1.479600 0.002080
1.200000 1.479400 0.002080
1.202000 1.479300 0.002090
1.204000 1.479100 0.002090
1.206000 1.478900 0.002090
1.208000 1.478700 0.002090
1.210000 1.478600 0.002090
1.212000 1.478400 0.002100
1.214000 1.478200 0.002100
1.216000 1.478100 0.002100
1.218000 1.477900 0.002100
1.220000 1.477700 0.002100
1.222000 1.477600 0.002110
1.224000 1.477400 0.002110
1.226000 1.477200 0.002110
1.228000 1.477100 0.002110
1.230000 1.476900 0.002110
1.232000 1.476800 0.002120
1.234000 1.476600 0.002120
1.236000 1.476400 0.002120
1.238000 1.476300 0.002120
1.240000 1.476100 0.002120
1.242000 1.476000 0.002130
1.244000 1.475800 0.002130
1.246000 1.475600 0.002130
1.248000 1.475500 0.002130
1.250000 1.475300 0.002130
1.252000 1.475200 0.002130
1.254000 1.475000 0.002140
1.256000 1.474900 0.002140
1.258000 1.474700 0.002140
1.260000 1.474500 0.002140
1.262000 1.474400 0.002140
1.264000 1.474200 0.002150
1.266000 1.474100 0.002150
1.268000 1.473900 0.002150
1.270000 1.473800 0.002150
1.272000 1.473600 0.002150
1.274000 1.473500 0.002150
1.276000 1.473300 0.002160
1.278000 1.473200 0.002160
1.280000 1.473000 0.002160
1.282000 1.472900 0.002160
1.284000 1.472700 0.002160
1.286000 1.472600 0.002160
1.288000 1.472400 0.002160
1.290000 1.472300 0.002170
1.292000 1.472200 0.002170
1.294000 1.472000 0.002170
1.296000 1.471900 0.002170
1.298000 1.471700 0.002170
1.300000 1.471600 0.002170
1.302000 1.471400 0.002180
1.304000 1.471300 0.002180
1.306000 1.471200 0.002180
1.308000 1.471000 0.002180
1.310000 1.470900 0.002180
1.312000 1.470700 0.002180
1.314000 1.470600 0.002180
1.316000 1.470500 0.002190
1.318000 1.470300 0.002190
1.320000 1.470200 0.002190
1.322000 1.470100 0.002190
1.324000 1.469900 0.002190
1.326000 1.469800 0.002190
1.328000 1.469600 0.002190
1.330000 1.469500 0.002190
1.332000 1.469400 0.002200
1.334000 1.469200 0.002200
1.336000 1.469100 0.002200
1.338000 1.469000 0.002200
1.340000 1.468900 0.002200
1.342000 1.468700 0.002200
1.344000 1.468600 0.002200
1.346000 1.468500 0.002200
1.348000 1.468300 0.002210
1.350000 1.468200 0.002210
1.352000 1.468100 0.002210
1.354000 1.468000 0.002210
1.356000 1.467800 0.002210
1.358000 1.467700 0.002210
1.360000 1.467600 0.002210
1.362000 1.467500 0.002210
1.364000 1.467300 0.002210
1.366000 1.467200 0.002210
1.368000 1.467100 0.002220
1.370000 1.467000 0.002220
1.372000 1.466800 0.002220
1.374000 1.466700 0.002220
1.376000 1.466600 0.002220
1.378000 1.466500 0.002220
1.380000 1.466400 0.002220
1.382000 1.466200 0.002220
1.384000 1.466100 0.002220
1.386000 1.466000 0.002220
1.388000 1.465900 0.002220
1.390000 1.465800 0.002220
1.392000 1.465700 0.002230
1.394000 1.465500 0.002230
1.396000 1.465400 0.002230
1.398000 1.465300 0.002230
1.400000 1.465200 0.002230
1.402000 1.465100 0.002230
1.404000 1.465000 0.002230
1.406000 1.464900 0.002230
1.408000 1.464800 0.002230
1.410000 1.464700 0.002230
1.412000 1.464500 0.002230
1.414000 1.464400 0.002230
1.416000 1.464300 0.002230
1.418000 1.464200 0.002230
1.420000 1.464100 0.002230
1.422000 1.464000 0.002230
1.424000 1.463900 0.002230
1.426000 1.463800 0.002230
1.428000 1.463700 0.002240
1.430000 1.463600 0.002240
1.432000 1.463500 0.002240
1.434000 1.463400 0.002240
1.436000 1.463300 0.002240
1.438000 1.463200 0.002240
1.440000 1.463100 0.002240
1.442000 1.463000 0.002240
1.444000 1.462900 0.002240
1.446000 1.462800 0.002240
1.448000 1.462700 0.002240
1.450000 1.462600 0.002240
1.452000 1.462500 0.002240
1.454000 1.462400 0.002240
1.456000 1.462300 0.002240
1.458000 1.462200 0.002240
1.460000 1.462100 0.002240
1.462000 1.462000 0.002240
1.464000 1.461900 0.002240
1.466000 1.461800 0.002240
1.468000 1.461700 0.002240
1.470000 1.461600 0.002240
1.472000 1.461500 0.002240
1.474000 1.461400 0.002240
1.476000 1.461300 0.002240
1.478000 1.461300 0.002240
1.480000 1.461200 0.002240
1.482000 1.461100 0.002240
1.484000 1.461000 0.002240
1.486000 1.460900 0.002240
1.488000 1.460800 0.002240
1.490000 1.460700 0.002240
1.492000 1.460600 0.002240
1.494000 1.460600 0.002240
1.496000 1.460500 0.002240
1.498000 1.460400 0.002240
1.500000 1.460300 0.002240
