0.300000 1.533900 0.000280
0.302000 1.533500 0.000280
0.304000 1.533000 0.000280
0.306000 1.532600 0.000280
0.308000 1.532200 0.000280
0.310000 1.531700 0.000280
0.312000 1.531300 0.000280
0.314000 1.530900 0.000280
0.316000 1.530400 0.000280
0.318000 1.530000 0.000270
0.320000 1.529600 0.000270
0.322000 1.529100 0.000270
0.324000 1.528700 0.000270
0.326000 1.528300 0.000270
0.328000 1.527900 0.000270
0.330000 1.527400 0.000270
0.332000 1.527000 0.000270
0.334000 1.526600 0.000270
0.336000 1.526100 0.000270
0.338000 1.525700 0.000270
0.340000 1.525300 0.000270
0.342000 1.524900 0.000270
0.344000 1.524400 0.000270
0.346000 1.524000 0.000270
0.348000 1.523600 0.000270
0.350000 1.523200 0.000270
0.352000 1.522800 0.000270
0.354000 1.522300 0.000270
0.356000 1.521900 0.000270
0.358000 1.521500 0.000270
0.360000 1.521100 0.000270
0.362000 1.520700 0.000270
0.364000 1.520200 0.000270
0.366000 1.519800 0.000270
0.368000 1.519400 0.000270
0.370000 1.519000 0.000270
0.372000 1.518600 0.000270
0.374000 1.518200 0.000270
0.376000 1.517700 0.000270
0.378000 1.517300 0.000270
0.380000 1.516900 0.000270
0.382000 1.516500 0.000270
0.384000 1.516100 0.000270
0.386000 1.515700 0.000270
0.388000 1.515300 0.000270
0.390000 1.514900 0.000270
0.392000 1.514500 0.000270
0.394000 1.514000 0.000270
0.396000 1.513600 0.000270
0.398000 1.513200 0.000270
0.400000 1.512800 0.000270
0.402000 1.512400 0.000270
0.404000 1.512000 0.000270
0.406000 1.511600 0.000280
0.408000 1.511200 0.000280
0.410000 1.510800 0.000280
0.412000 1.510400 0.000280
0.414000 1.510000 0.000280
0.416000 1.509600 0.000280
0.418000 1.509200 0.000280
0.420000 1.508800 0.000280
0.422000 1.508400 0.000280
0.424000 1.508000 0.000280
0.426000 1.507600 0.000280
0.428000 1.507200 0.000280
0.430000 1.506800 0.000280
0.432000 1.506400 0.000280
0.434000 1.506000 0.000280
0.436000 1.505600 0.000280
0.438000 1.505200 0.000280
0.440000 1.504800 0.000280
0.442000 1.504400 0.000280
0.444000 1.504000 0.000280
0.446000 1.503600 0.000280
0.448000 1.503200 0.000280
0.450000 1.502800 0.000280
0.452000 1.502400 0.000280
0.454000 1.502000 0.000280
0.456000 1.501600 0.000280
0.458000 1.501300 0.000280
0.460000 1.500900 0.000280
0.462000 1.500500 0.000280
0.464000 1.500100 0.000280
0.466000 1.499700 0.000280
0.468000 1.499300 0.000280
0.470000 1.498900 0.000280
0.472000 1.498500 0.000280
0.474000 1.498200 0.000280
0.476000 1.497800 0.000280
0.478000 1.497400 0.000280
0.480000 1.497000 0.000280
0.482000 1.496600 0.000280
0.484000 1.496200 0.000280
0.486000 1.495900 0.000280
0.488000 1.495500 0.000280
0.490000 1.495100 0.000280
0.492000 1.494700 0.000280
0.494000 1.494300 0.000280
0.496000 1.494000 0.000280
0.498000 1.493600 0.000280
0.500000 1.493200 0.000280
0.502000 1.492800 0.000280
0.504000 1.492400 0.000290
0.506000 1.492100 0.000290
0.508000 1.491700 0.000290
0.510000 1.491300 0.000290
0.512000 1.490900 0.000290
0.514000 1.490600 0.000290
0.516000 1.490200 0.000290
0.518000 1.489800 0.000290
0.520000 1.489500 0.000290
0.522000 1.489100 0.000290
0.524000 1.488700 0.000290
0.526000 1.488300 0.000290
0.528000 1.488000 0.000290
0.530000 1.487600 0.000290
0.532000 1.487200 0.000290
0.534000 1.486900 0.000290
0.536000 1.486500 0.000290
0.538000 1.486100 0.000290
0.540000 1.485800 0.000290
0.542000 1.485400 0.000290
0.544000 1.485000 0.000290
0.546000 1.484700 0.000290
0.548000 1.484300 0.000290
0.550000 1.483900 0.000290
0.552000 1.483600 0.000290
0.554000 1.483200 0.000290
0.556000 1.482900 0.000290
0.558000 1.482500 0.000290
0.560000 1.482100 0.000290
0.562000 1.481800 0.000300
0.564000 1.481400 0.000300
0.566000 1.481100 0.000300
0.568000 1.480700 0.000300
0.570000 1.480300 0.000300
0.572000 1.480000 0.000300
0.574000 1.479600 0.000300
0.576000 1.479300 0.000300
0.578000 1.478900 0.000300
0.580000 1.478600 0.000300
0.582000 1.478200 0.000300
0.584000 1.477900 0.000300
0.586000 1.477500 0.000300
0.588000 1.477100 0.000300
0.590000 1.476800 0.000300
0.592000 1.476400 0.000300
0.594000 1.476100 0.000300
0.596000 1.475700 0.000300
0.598000 1.475400 0.000300
0.600000 1.475000 0.000300
0.602000 1.474700 0.000300
0.604000 1.474400 0.000300
0.606000 1.474000 0.000300
0.608000 1.473700 0.000310
0.610000 1.473300 0.000310
0.612000 1.473000 0.000310
0.614000 1.472600 0.000310
0.616000 1.472300 0.000310
0.618000 1.471900 0.000310
0.620000 1.471600 0.000310
0.622000 1.471300 0.000310
0.624000 1.470900 0.000310
0.626000 1.470600 0.000310
0.628000 1.470200 0.000310
0.630000 1.469900 0.000310
0.632000 1.469600 0.000310
0.634000 1.469200 0.000310
0.636000 1.468900 0.000310
0.638000 1.468500 0.000310
0.640000 1.468200 0.000310
0.642000 1.467900 0.000310
0.644000 1.467500 0.000310
0.646000 1.467200 0.000310
0.648000 1.466900 0.000310
0.650000 1.466500 0.000320
0.652000 1.466200 0.000320
0.654000 1.465900 0.000320
0.656000 1.465500 0.000320
0.658000 1.465200 0.000320
0.660000 1.464900 0.000320
0.662000 1.464500 0.000320
0.664000 1.464200 0.000320
0.666000 1.463900 0.000320
0.668000 1.463500 0.000320
0.670000 1.463200 0.000320
0.672000 1.462900 0.000320
0.674000 1.462600 0.000320
0.676000 1.462200 0.000320
0.678000 1.461900 0.000320
0.680000 1.461600 0.000320
0.682000 1.461300 0.000320
0.684000 1.460900 0.000320
0.686000 1.460600 0.000330
0.688000 1.460300 0.000330
0.690000 1.460000 0.000330
0.692000 1.459700 0.000330
0.694000 1.459300 0.000330
0.696000 1.459000 0.000330
0.698000 1.458700 0.000330
0.700000 1.458400 0.000330
0.702000 1.458100 0.000330
0.704000 1.457700 0.000330
0.706000 1.457400 0.000330
0.708000 1.457100 0.000330
0.710000 1.456800 0.000330
0.712000 1.456500 0.000330
0.714000 1.456200 0.000330
0.716000 1.455800 0.000330
0.718000 1.455500 0.000330
0.720000 1.455200 0.000330
0.722000 1.454900 0.000340
0.724000 1.454600 0.000340
0.726000 1.454300 0.000340
0.728000 1.454000 0.000340
0.730000 1.453700 0.000340
0.732000 1.453300 0.000340
0.734000 1.453000 0.000340
0.736000 1.452700 0.000340
0.738000 1.452400 0.000340
0.740000 1.452100 0.000340
0.742000 1.451800 0.000340
0.744000 1.451500 0.000340
0.746000 1.451200 0.000340
0.748000 1.450900 0.000340
0.750000 1.450600 0.000340
0.752000 1.450300 0.000340
0.754000 1.450000 0.000350
0.756000 1.449700 0.000350
0.758000 1.449400 0.000350
0.760000 1.449100 0.000350
0.762000 1.448800 0.000350
0.764000 1.448500 0.000350
0.766000 1.448200 0.000350
0.768000 1.447900 0.000350
0.770000 1.447600 0.000350
0.772000 1.447300 0.000350
0.774000 1.447000 0.000350
0.776000 1.446700 0.000350
0.778000 1.446400 0.000350
0.780000 1.446100 0.000350
0.782000 1.445800 0.000350
0.784000 1.445500 0.000350
0.786000 1.445200 0.000360
0.788000 1.444900 0.000360
0.790000 1.444600 0.000360
0.792000 1.444300 0.000360
0.794000 1.444000 0.000360
0.796000 1.443700 0.000360
0.798000 1.443500 0.000360
0.800000 1.443200 0.000360
0.802000 1.442900 0.000360
0.804000 1.442600 0.000360
0.806000 1.442300 0.000360
0.808000 1.442000 0.000360
0.810000 1.441700 0.000360
0.812000 1.441400 0.000360
0.814000 1.441200 0.000360
0.816000 1.440900 0.000370
0.818000 1.440600 0.000370
0.820000 1.440300 0.000370
0.822000 1.440000 0.000370
0.824000 1.439700 0.000370
0.826000 1.439500 0.000370
0.828000 1.439200 0.000370
0.830000 1.438900 0.000370
0.832000 1.438600 0.000370
0.834000 1.438300 0.000370
0.836000 1.438100 0.000370
0.838000 1.437800 0.000370
0.840000 1.437500 0.000370
0.842000 1.437200 0.000370
0.844000 1.436900 0.000370
0.846000 1.436700 0.000380
0.848000 1.436400 0.000380
0.850000 1.436100 0.000380
0.852000 1.435800 0.000380
0.854000 1.435600 0.000380
0.856000 1.435300 0.000380
0.858000 1.435000 0.000380
0.860000 1.434800 0.000380
0.862000 1.434500 0.000380
0.864000 1.434200 0.000380
0.866000 1.433900 0.000380
0.868000 1.433700 0.000380
0.870000 1.433400 0.000380
0.872000 1.433100 0.000380
0.874000 1.432900 0.000380
0.876000 1.432600 0.000390
0.878000 1.432300 0.000390
0.880000 1.432100 0.000390
0.882000 1.431800 0.000390
0.884000 1.431500 0.000390
0.886000 1.431300 0.000390
0.888000 1.431000 0.000390
0.890000 1.430700 0.000390
0.892000 1.430500 0.000390
0.894000 1.430200 0.000390
0.896000 1.430000 0.000390
0.898000 1.429700 0.000390
0.900000 1.429400 0.000390
0.902000 1.429200 0.000390
0.904000 1.428900 0.000390
0.906000 1.428700 0.000400
0.908000 1.428400 0.000400
0.910000 1.428100 0.000400
0.912000 1.427900 0.000400
0.914000 1.427600 0.000400
0.916000 1.427400 0.000400
0.918000 1.427100 0.000400
0.920000 1.426900 0.000400
0.922000 1.426600 0.000400
0.924000 1.426400 0.000400
0.926000 1.426100 0.000400
0.928000 1.425900 0.000400
0.930000 1.425600 0.000400
0.932000 1.425400 0.000400
0.934000 1.425100 0.000410
0.936000 1.424900 0.000410
0.938000 1.424600 0.000410
0.940000 1.424400 0.000410
0.942000 1.424100 0.000410
0.944000 1.423900 0.000410
0.946000 1.423600 0.000410
0.948000 1.423400 0.000410
0.950000 1.423100 0.000410
0.952000 1.422900 0.000410
0.954000 1.422600 0.000410
0.956000 1.422400 0.000410
0.958000 1.422100 0.000410
0.960000 1.421900 0.000410
0.962000 1.421700 0.000410
0.964000 1.421400 0.000420
0.966000 1.421200 0.000420
0.968000 1.420900 0.000420
0.970000 1.420700 0.000420
0.972000 1.420500 0.000420
0.974000 1.420200 0.000420
0.976000 1.420000 0.000420
0.978000 1.419700 0.000420
0.980000 1.419500 0.000420
0.982000 1.419300 0.000420
0.984000 1.419000 0.000420
0.986000 1.418800 0.000420
0.988000 1.418600 0.000420
0.990000 1.418300 0.000420
0.992000 1.418100 0.000430
0.994000 1.417900 0.000430
0.996000 1.417600 0.000430
0.998000 1.417400 0.000430
1.000000 1.417200 0.000430
1.002000 1.416900 0.000430
1.004000 1.416700 0.000430
1.006000 1.416500 0.000430
1.008000 1.416300 0.000430
1.010000 1.416000 0.000430
1.012000 1.415800 0.000430
1.014000 1.415600 0.000430
1.016000 1.415400 0.000430
1.018000 1.415100 0.000430
1.020000 1.414900 0.000430
1.022000 1.414700 0.000440
1.024000 1.414500 0.000440
1.026000 1.414200 0.000440
1.028000 1.414000 0.000440
1.030000 1.413800 0.000440
1.032000 1.413600 0.000440
1.034000 1.413300 0.000440
1.036000 1.413100 0.000440
1.038000 1.412900 0.000440
1.040000 1.412700 0.000440
1.042000 1.412500 0.000440
1.044000 1.412200 0.000440
1.046000 1.412000 0.000440
1.048000 1.411800 0.000440
1.050000 1.411600 0.000440
1.052000 1.411400 0.000450
1.054000 1.411200 0.000450
1.056000 1.411000 0.000450
1.058000 1.410700 0.000450
1.060000 1.410500 0.000450
1.062000 1.410300 0.000450
1.064000 1.410100 0.000450
1.066000 1.409900 0.000450
1.068000 1.409700 0.000450
1.070000 1.409500 0.000450
1.072000 1.409300 0.000450
1.074000 1.409100 0.000450
1.076000 1.408800 0.000450
1.078000 1.408600 0.000450
1.080000 1.408400 0.000450
1.082000 1.408200 0.000460
1.084000 1.408000 0.000460
1.086000 1.407800 0.000460
1.088000 1.407600 0.000460
1.090000 1.407400 0.000460
1.092000 1.407200 0.000460
1.094000 1.407000 0.000460
1.096000 1.406800 0.000460
1.098000 1.406600 0.000460
1.100000 1.406400 0.000460
1.102000 1.406200 0.000460
1.104000 1.406000 0.000460
1.106000 1.405800 0.000460
1.108000 1.405600 0.000460
1.110000 1.405400 0.000460
1.112000 1.405200 0.000460
1.114000 1.405000 0.000470
1.116000 1.404800 0.000470
1.118000 1.404600 0.000470
1.120000 1.404400 0.000470
1.122000 1.404200 0.000470
1.124000 1.404000 0.000470
1.126000 1.403800 0.000470
1.128000 1.403600 0.000470
1.130000 1.403400 0.000470
1.132000 1.403200 0.000470
1.134000 1.403100 0.000470
1.136000 1.402900 0.000470
1.138000 1.402700 0.000470
1.140000 1.402500 0.000470
1.142000 1.402300 0.000470
1.144000 1.402100 0.000470
1.146000 1.401900 0.000470
1.148000 1.401700 0.000480
1.150000 1.401500 0.000480
1.152000 1.401400 0.000480
1.154000 1.401200 0.000480
1.156000 1.401000 0.000480
1.158000 1.400800 0.000480
1.160000 1.400600 0.000480
1.162000 1.400400 0.000480
1.164000 1.400300 0.000480
1.166000 1.400100 0.000480
1.168000 1.399900 0.000480
1.170000 1.399700 0.000480
1.172000 1.399500 0.000480
1.174000 1.399400 0.000480
1.176000 1.399200 0.000480
1.178000 1.399000 0.000480
1.180000 1.398800 0.000480
1.182000 1.398600 0.000490
1.184000 1.398500 0.000490
1.186000 1.398300 0.000490
1.188000 1.398100 0.000490
1.190000 1.397900 0.000490
1.192000 1.397800 0.000490
1.194000 1.397600 0.000490
1.196000 1.397400 0.000490
1.198000 1.397200 0.000490
1.200000 1.397100 0.000490
1.202000 1.396900 0.000490
1.204000 1.396700 0.000490
1.206000 1.396600 0.000490
1.208000 1.396400 0.000490
1.210000 1.396200 0.000490
1.212000 1.396100 0.000490
1.214000 1.395900 0.000490
1.216000 1.395700 0.000490
1.218000 1.395500 0.000500
1.220000 1.395400 0.000500
1.222000 1.395200 0.000500
1.224000 1.395100 0.000500
1.226000 1.394900 0.000500
1.228000 1.394700 0.000500
1.230000 1.394600 0.000500
1.232000 1.394400 0.000500
1.234000 1.394200 0.000500
1.236000 1.394100 0.000500
1.238000 1.393900 0.000500
1.240000 1.393800 0.000500
1.242000 1.393600 0.000500
1.244000 1.393400 0.000500
1.246000 1.393300 0.000500
1.248000 1.393100 0.000500
1.250000 1.393000 0.000500
1.252000 1.392800 0.000500
1.254000 1.392700 0.000500
1.256000 1.392500 0.000500
1.258000 1.392300 0.000510
1.260000 1.392200 0.000510
1.262000 1.392000 0.000510
1.264000 1.391900 0.000510
1.266000 1.391700 0.000510
1.268000 1.391600 0.000510
1.270000 1.391400 0.000510
1.272000 1.391300 0.000510
1.274000 1.391100 0.000510
1.276000 1.391000 0.000510
1.278000 1.390800 0.000510
1.280000 1.390700 0.000510
1.282000 1.390500 0.000510
1.284000 1.390400 0.000510
1.286000 1.390200 0.000510
1.288000 1.390100 0.000510
1.290000 1.389900 0.000510
1.292000 1.389800 0.000510
1.294000 1.389700 0.000510
1.296000 1.389500 0.000510
1.298000 1.389400 0.000510
1.300000 1.389200 0.000510
1.302000 1.389100 0.000510
1.304000 1.388900 0.000520
1.306000 1.388800 0.000520
1.308000 1.388700 0.000520
1.310000 1.388500 0.000520
1.312000 1.388400 0.000520
1.314000 1.388200 0.000520
1.316000 1.388100 0.000520
1.318000 1.388000 0.000520
1.320000 1.387800 0.000520
1.322000 1.387700 0.000520
1.324000 1.387600 0.000520
1.326000 1.387400 0.000520
1.328000 1.387300 0.000520
1.330000 1.387200 0.000520
1.332000 1.387000 0.000520
1.334000 1.386900 0.000520
1.336000 1.386800 0.000520
1.338000 1.386600 0.000520
1.340000 1.386500 0.000520
1.342000 1.386400 0.000520
1.344000 1.386200 0.000520
1.346000 1.386100 0.000520
1.348000 1.386000 0.000520
1.350000 1.385900 0.000520
1.352000 1.385700 0.000520
1.354000 1.385600 0.000520
1.356000 1.385500 0.000520
1.358000 1.385300 0.000530
1.360000 1.385200 0.000530
1.362000 1.385100 0.000530
1.364000 1.385000 0.000530
1.366000 1.384900 0.000530
1.368000 1.384700 0.000530
1.370000 1.384600 0.000530
1.372000 1.384500 0.000530
1.374000 1.384400 0.000530
1.376000 1.384200 0.000530
1.378000 1.384100 0.000530
1.380000 1.384000 0.000530
1.382000 1.383900 0.000530
1.384000 1.383800 0.000530
1.386000 1.383700 0.000530
1.388000 1.383500 0.000530
1.390000 1.383400 0.000530
1.392000 1.383300 0.000530
1.394000 1.383200 0.000530
1.396000 1.383100 0.000530
1.398000 1.383000 0.000530
1.400000 1.382900 0.000530
1.402000 1.382700 0.000530
1.404000 1.382600 0.000530
1.406000 1.382500 0.000530
1.408000 1.382400 0.000530
1.410000 1.382300 0.000530
1.412000 1.382200 0.000530
1.414000 1.382100 0.000530
1.416000 1.382000 0.000530
1.418000 1.381900 0.000530
1.420000 1.381800 0.000530
1.422000 1.381600 0.000530
1.424000 1.381500 0.000530
1.426000 1.381400 0.000530
1.428000 1.381300 0.000530
1.430000 1.381200 0.000530
1.432000 1.381100 0.000530
1.434000 1.381000 0.000530
1.436000 1.380900 0.000530
1.438000 1.380800 0.000540
1.440000 1.380700 0.000540
1.442000 1.380600 0.000540
1.444000 1.380500 0.000540
1.446000 1.380400 0.000540
1.448000 1.380300 0.000540
1.450000 1.380200 0.000540
1.452000 1.380100 0.000540
1.454000 1.380000 0.000540
1.456000 1.379900 0.000540
1.458000 1.379800 0.000540
1.460000 1.379700 0.000540
1.462000 1.379600 0.000540
1.464000 1.379500 0.000540
1.466000 1.379500 0.000540
1.468000 1.379400 0.000540
1.470000 1.379300 0.000540
1.472000 1.379200 0.000540
1.474000 1.379100 0.000540
1.476000 1.379000 0.000540
1.478000 1.378900 0.000540
1.480000 1.378800 0.000540
1.482000 1.378700 0.000540
1.484000 1.378600 0.000540
1.486000 1.378500 0.000540
1.488000 1.378500 0.000540
1.490000 1.378400 0.000540
1.492000 1.378300 0.000540
1.494000 1.378200 0.000540
1.496000 1.378100 0.000540
1.498000 1.378000 0.000540
1.500000 1.378000 0.000540
