0.300000 1.659800 0.001700
0.302000 1.659300 0.001700
0.304000 1.658900 0.001700
0.306000 1.658500 0.001700
0.308000 1.658000 0.001700
0.310000 1.657600 0.001690
0.312000 1.657200 0.001690
0.314000 1.656700 0.001690
0.316000 1.656300 0.001690
0.318000 1.655900 0.001690
0.320000 1.655400 0.001690
0.322000 1.655000 0.001680
0.324000 1.654600 0.001680
0.326000 1.654100 0.001680
0.328000 1.653700 0.001680
0.330000 1.653300 0.001680
0.332000 1.652900 0.001680
0.334000 1.652400 0.001680
0.336000 1.652000 0.001670
0.338000 1.651600 0.001670
0.340000 1.651200 0.001670
0.342000 1.650700 0.001670
0.344000 1.650300 0.001670
0.346000 1.649900 0.001670
0.348000 1.649500 0.001670
0.350000 1.649000 0.001670
0.352000 1.648600 0.001670
0.354000 1.648200 0.001660
0.356000 1.647800 0.001660
0.358000 1.647400 0.001660
0.360000 1.646900 0.001660
0.362000 1.646500 0.001660
0.364000 1.646100 0.001660
0.366000 1.645700 0.001660
0.368000 1.645300 0.001660
0.370000 1.644900 0.001660
0.372000 1.644400 0.001660
0.374000 1.644000 0.001660
0.376000 1.643600 0.001650
0.378000 1.643200 0.001650
0.380000 1.642800 0.001650
0.382000 1.642400 0.001650
0.384000 1.642000 0.001650
0.386000 1.641500 0.001650
0.388000 1.641100 0.001650
0.390000 1.640700 0.001650
0.392000 1.640300 0.001650
0.394000 1.639900 0.001650
0.396000 1.639500 0.001650
0.398000 1.639100 0.001650
0.400000 1.638700 0.001650
0.402000 1.638300 0.001650
0.404000 1.637900 0.001650
0.406000 1.637500 0.001650
0.408000 1.637100 0.001650
0.410000 1.636600 0.001650
0.412000 1.636200 0.001650
0.414000 1.635800 0.001650
0.416000 1.635400 0.001650
0.418000 1.635000 0.001650
0.420000 1.634600 0.001650
0.422000 1.634200 0.001650
0.424000 1.633800 0.001650
0.426000 1.633400 0.001650
0.428000 1.633000 0.001650
0.430000 1.632600 0.001650
0.432000 1.632200 0.001650
0.434000 1.631800 0.001650
0.436000 1.631400 0.001650
0.438000 1.631000 0.001650
0.440000 1.630700 0.001650
0.442000 1.630300 0.001650
0.444000 1.629900 0.001650
0.446000 1.629500 0.001650
0.448000 1.629100 0.001650
0.450000 1.628700 0.001650
0.452000 1.628300 0.001650
0.454000 1.627900 0.001650
0.456000 1.627500 0.001650
0.458000 1.627100 0.001650
0.460000 1.626700 0.001650
0.462000 1.626300 0.001650
0.464000 1.626000 0.001650
0.466000 1.625600 0.001650
0.468000 1.625200 0.001650
0.470000 1.624800 0.001650
0.472000 1.624400 0.001650
0.474000 1.624000 0.001650
0.476000 1.623600 0.001650
0.478000 1.623200 0.001660
0.480000 1.622900 0.001660
0.482000 1.622500 0.001660
0.484000 1.622100 0.001660
0.486000 1.621700 0.001660
0.488000 1.621300 0.001660
0.490000 1.621000 0.001660
0.492000 1.620600 0.001660
0.494000 1.620200 0.001660
0.496000 1.619800 0.001660
0.498000 1.619400 0.001660
0.500000 1.619100 0.001660
0.502000 1.618700 0.001670
0.504000 1.618300 0.001670
0.506000 1.617900 0.001670
0.508000 1.617600 0.001670
0.510000 1.617200 0.001670
0.512000 1.616800 0.001670
0.514000 1.616400 0.001670
0.516000 1.616100 0.001670
0.518000 1.615700 0.001670
0.520000 1.615300 0.001680
0.522000 1.614900 0.001680
0.524000 1.614600 0.001680
0.526000 1.614200 0.001680
0.528000 1.613800 0.001680
0.530000 1.613500 0.001680
0.532000 1.613100 0.001680
0.534000 1.612700 0.001680
0.536000 1.612400 0.001690
0.538000 1.612000 0.001690
0.540000 1.611600 0.001690
0.542000 1.611300 0.001690
0.544000 1.610900 0.001690
0.546000 1.610500 0.001690
0.548000 1.610200 0.001690
0.550000 1.609800 0.001700
0.552000 1.609400 0.001700
0.554000 1.609100 0.001700
0.556000 1.608700 0.001700
0.558000 1.608400 0.001700
0.560000 1.608000 0.001700
0.562000 1.607600 0.001700
0.564000 1.607300 0.001710
0.566000 1.606900 0.001710
0.568000 1.606600 0.001710
0.570000 1.606200 0.001710
0.572000 1.605800 0.001710
0.574000 1.605500 0.001710
0.576000 1.605100 0.001720
0.578000 1.604800 0.001720
0.580000 1.604400 0.001720
0.582000 1.604100 0.001720
0.584000 1.603700 0.001720
0.586000 1.603400 0.001730
0.588000 1.603000 0.001730
0.590000 1.602700 0.001730
0.592000 1.602300 0.001730
0.594000 1.602000 0.001730
0.596000 1.601600 0.001740
0.598000 1.601300 0.001740
0.600000 1.600900 0.001740
0.602000 1.600600 0.001740
0.604000 1.600200 0.001740
0.606000 1.599900 0.001750
0.608000 1.599500 0.001750
0.610000 1.599200 0.001750
0.612000 1.598800 0.001750
0.614000 1.598500 0.001750
0.616000 1.598100 0.001760
0.618000 1.597800 0.001760
0.620000 1.597500 0.001760
0.622000 1.597100 0.001760
0.624000 1.596800 0.001760
0.626000 1.596400 0.001770
0.628000 1.596100 0.001770
0.630000 1.595800 0.001770
0.632000 1.595400 0.001770
0.634000 1.595100 0.001770
0.636000 1.594700 0.001780
0.638000 1.594400 0.001780
0.640000 1.594100 0.001780
0.642000 1.593700 0.001780
0.644000 1.593400 0.001790
0.646000 1.593100 0.001790
0.648000 1.592700 0.001790
0.650000 1.592400 0.001790
0.652000 1.592100 0.001800
0.654000 1.591700 0.001800
0.656000 1.591400 0.001800
0.658000 1.591100 0.001800
0.660000 1.590700 0.001810
0.662000 1.590400 0.001810
0.664000 1.590100 0.001810
0.666000 1.589700 0.001810
0.668000 1.589400 0.001820
0.670000 1.589100 0.001820
0.672000 1.588800 0.001820
0.674000 1.588400 0.001820
0.676000 1.588100 0.001830
0.678000 1.587800 0.001830
0.680000 1.587400 0.001830
0.682000 1.587100 0.001830
0.684000 1.586800 0.001840
0.686000 1.586500 0.001840
0.688000 1.586200 0.001840
0.690000 1.585800 0.001840
0.692000 1.585500 0.001850
0.694000 1.585200 0.001850
0.696000 1.584900 0.001850
0.698000 1.584600 0.001850
0.700000 1.584200 0.001860
0.702000 1.583900 0.001860
0.704000 1.583600 0.001860
0.706000 1.583300 0.001860
0.708000 1.583000 0.001870
0.710000 1.582600 0.001870
0.712000 1.582300 0.001870
0.714000 1.582000 0.001880
0.716000 1.581700 0.001880
0.718000 1.581400 0.001880
0.720000 1.581100 0.001880
0.722000 1.580800 0.001890
0.724000 1.580400 0.001890
0.726000 1.580100 0.001890
0.728000 1.579800 0.001900
0.730000 1.579500 0.001900
0.732000 1.579200 0.001900
0.734000 1.578900 0.001900
0.736000 1.578600 0.001910
0.738000 1.578300 0.001910
0.740000 1.578000 0.001910
0.742000 1.577700 0.001920
0.744000 1.577400 0.001920
0.746000 1.577100 0.001920
0.748000 1.576800 0.001920
0.750000 1.576400 0.001930
0.752000 1.576100 0.001930
0.754000 1.575800 0.001930
0.756000 1.575500 0.001940
0.758000 1.575200 0.001940
0.760000 1.574900 0.001940
0.762000 1.574600 0.001950
0.764000 1.574300 0.001950
0.766000 1.574000 0.001950
0.768000 1.573700 0.001950
0.770000 1.573400 0.001960
0.772000 1.573100 0.001960
0.774000 1.572800 0.001960
0.776000 1.572500 0.001970
0.778000 1.572200 0.001970
0.780000 1.572000 0.001970
0.782000 1.571700 0.001980
0.784000 1.571400 0.001980
0.786000 1.571100 0.001980
0.788000 1.570800 0.001980
0.790000 1.570500 0.001990
0.792000 1.570200 0.001990
0.794000 1.569900 0.001990
0.796000 1.569600 0.002000
0.798000 1.569300 0.002000
0.800000 1.569000 0.002000
0.802000 1.568700 0.002010
0.804000 1.568500 0.002010
0.806000 1.568200 0.002010
0.808000 1.567900 0.002020
0.810000 1.567600 0.002020
0.812000 1.567300 0.002020
0.814000 1.567000 0.002030
0.816000 1.566700 0.002030
0.818000 1.566400 0.002030
0.820000 1.566200 0.002040
0.822000 1.565900 0.002040
0.824000 1.565600 0.002040
0.826000 1.565300 0.002040
0.828000 1.565000 0.002050
0.830000 1.564800 0.002050
0.832000 1.564500 0.002050
0.834000 1.564200 0.002060
0.836000 1.563900 0.002060
0.838000 1.563600 0.002060
0.840000 1.563400 0.002070
0.842000 1.563100 0.002070
0.844000 1.562800 0.002070
0.846000 1.562500 0.002080
0.848000 1.562300 0.002080
0.850000 1.562000 0.002080
0.852000 1.561700 0.002090
0.854000 1.561400 0.002090
0.856000 1.561200 0.002090
0.858000 1.560900 0.002100
0.860000 1.560600 0.002100
0.862000 1.560300 0.002100
0.864000 1.560100 0.002110
0.866000 1.559800 0.002110
0.868000 1.559500 0.002110
0.870000 1.559300 0.002120
0.872000 1.559000 0.002120
0.874000 1.558700 0.002120
0.876000 1.558500 0.002130
0.878000 1.558200 0.002130
0.880000 1.557900 0.002130
0.882000 1.557700 0.002140
0.884000 1.557400 0.002140
0.886000 1.557100 0.002140
0.888000 1.556900 0.002140
0.890000 1.556600 0.002150
0.892000 1.556300 0.002150
0.894000 1.556100 0.002150
0.896000 1.555800 0.002160
0.898000 1.555600 0.002160
0.900000 1.555300 0.002160
0.902000 1.555000 0.002170
0.904000 1.554800 0.002170
0.906000 1.554500 0.002170
0.908000 1.554300 0.002180
0.910000 1.554000 0.002180
0.912000 1.553700 0.002180
0.914000 1.553500 0.002190
0.916000 1.553200 0.002190
0.918000 1.553000 0.002190
0.920000 1.552700 0.002200
0.922000 1.552500 0.002200
0.924000 1.552200 0.002200
0.926000 1.552000 0.002210
0.928000 1.551700 0.002210
0.930000 1.551500 0.002210
0.932000 1.551200 0.002220
0.934000 1.551000 0.002220
0.936000 1.550700 0.002220
0.938000 1.550500 0.002230
0.940000 1.550200 0.002230
0.942000 1.550000 0.002230
0.944000 1.549700 0.002240
0.946000 1.549500 0.002240
0.948000 1.549200 0.002240
0.950000 1.549000 0.002250
0.952000 1.548700 0.002250
0.954000 1.548500 0.002250
0.956000 1.548200 0.002260
0.958000 1.548000 0.002260
0.960000 1.547800 0.002260
0.962000 1.547500 0.002270
0.964000 1.547300 0.002270
0.966000 1.547000 0.002270
0.968000 1.546800 0.002270
0.970000 1.546600 0.002280
0.972000 1.546300 0.002280
0.974000 1.546100 0.002280
0.976000 1.545800 0.002290
0.978000 1.545600 0.002290
0.980000 1.545400 0.002290
0.982000 1.545100 0.002300
0.984000 1.544900 0.002300
0.986000 1.544700 0.002300
0.988000 1.544400 0.002310
0.990000 1.544200 0.002310
0.992000 1.544000 0.002310
0.994000 1.543700 0.002320
0.996000 1.543500 0.002320
0.998000 1.543300 0.002320
1.000000 1.543000 0.002330
1.002000 1.542800 0.002330
1.004000 1.542600 0.002330
1.006000 1.542300 0.002330
1.008000 1.542100 0.002340
1.010000 1.541900 0.002340
1.012000 1.541700 0.002340
1.014000 1.541400 0.002350
1.016000 1.541200 0.002350
1.018000 1.541000 0.002350
1.020000 1.540800 0.002360
1.022000 1.540500 0.002360
1.024000 1.540300 0.002360
1.026000 1.540100 0.002370
1.028000 1.539900 0.002370
1.030000 1.539600 0.002370
1.032000 1.539400 0.002370
1.034000 1.539200 0.002380
1.036000 1.539000 0.002380
1.038000 1.538800 0.002380
1.040000 1.538500 0.002390
1.042000 1.538300 0.002390
1.044000 1.538100 0.002390
1.046000 1.537900 0.002400
1.048000 1.537700 0.002400
1.050000 1.537500 0.002400
1.052000 1.537200 0.002400
1.054000 1.537000 0.002410
1.056000 1.536800 0.002410
1.058000 1.536600 0.002410
1.060000 1.536400 0.002420
1.062000 1.536200 0.002420
1.064000 1.536000 0.002420
1.066000 1.535700 0.002420
1.068000 1.535500 0.002430
1.070000 1.535300 0.002430
1.072000 1.535100 0.002430
1.074000 1.534900 0.002440
1.076000 1.534700 0.002440
1.078000 1.534500 0.002440
1.080000 1.534300 0.002440
1.082000 1.534100 0.002450
1.084000 1.533900 0.002450
1.086000 1.533700 0.002450
1.088000 1.533500 0.002460
1.090000 1.533300 0.002460
1.092000 1.533100 0.002460
1.094000 1.532900 0.002460
1.096000 1.532600 0.002470
1.098000 1.532400 0.002470
1.100000 1.532200 0.002470
1.102000 1.532000 0.002470
1.104000 1.531800 0.002480
1.106000 1.531600 0.002480
1.108000 1.531400 0.002480
1.110000 1.531200 0.002490
1.112000 1.531100 0.002490
1.114000 1.530900 0.002490
1.116000 1.530700 0.002490
1.118000 1.530500 0.002500
1.120000 1.530300 0.002500
1.122000 1.530100 0.002500
1.124000 1.529900 0.002500
1.126000 1.529700 0.002510
1.128000 1.529500 0.002510
1.130000 1.529300 0.002510
1.132000 1.529100 0.002510
1.134000 1.528900 0.002520
1.136000 1.528700 0.002520
1.138000 1.528500 0.002520
1.140000 1.528300 0.002520
1.142000 1.528200 0.002530
1.144000 1.528000 0.002530
1.146000 1.527800 0.002530
1.148000 1.527600 0.002530
1.150000 1.527400 0.002540
1.152000 1.527200 0.002540
1.154000 1.527000 0.002540
1.156000 1.526800 0.002540
1.158000 1.526700 0.002540
1.160000 1.526500 0.002550
1.162000 1.526300 0.002550
1.164000 1.526100 0.002550
1.166000 1.525900 0.002550
1.168000 1.525800 0.002560
1.170000 1.525600 0.002560
1.172000 1.525400 0.002560
1.174000 1.525200 0.002560
1.176000 1.525000 0.002560
1.178000 1.524900 0.002570
1.180000 1.524700 0.002570
1.182000 1.524500 0.002570
1.184000 1.524300 0.002570
1.186000 1.524100 0.002580
1.188000 1.524000 0.002580
1.190000 1.523800 0.002580
1.192000 1.523600 0.002580
1.194000 1.523400 0.002580
1.196000 1.523300 0.002590
1.198000 1.523100 0.002590
1.200000 1.522900 0.002590
1.202000 1.522800 0.002590
1.204000 1.522600 0.002590
1.206000 1.522400 0.002600
1.208000 1.522200 0.002600
1.210000 1.522100 0.002600
1.212000 1.521900 0.002600
1.214000 1.521700 0.002600
1.216000 1.521600 0.002600
1.218000 1.521400 0.002610
1.220000 1.521200 0.002610
1.222000 1.521100 0.002610
1.224000 1.520900 0.002610
1.226000 1.520700 0.002610
1.228000 1.520600 0.002620
1.230000 1.520400 0.002620
1.232000 1.520300 0.002620
1.234000 1.520100 0.002620
1.236000 1.519900 0.002620
1.238000 1.519800 0.002620
1.240000 1.519600 0.002630
1.242000 1.519500 0.002630
1.244000 1.519300 0.002630
1.246000 1.519100 0.002630
1.248000 1.519000 0.002630
1.250000 1.518800 0.002630
1.252000 1.518700 0.002630
1.254000 1.518500 0.002640
1.256000 1.518400 0.002640
1.258000 1.518200 0.002640
1.260000 1.518000 0.002640
1.262000 1.517900 0.002640
1.264000 1.517700 0.002640
1.266000 1.517600 0.002640
1.268000 1.517400 0.002650
1.270000 1.517300 0.002650
1.272000 1.517100 0.002650
1.274000 1.517000 0.002650
1.276000 1.516800 0.002650
1.278000 1.516700 0.002650
1.280000 1.516500 0.002650
1.282000 1.516400 0.002650
1.284000 1.516200 0.002660
1.286000 1.516100 0.002660
1.288000 1.515900 0.002660
1.290000 1.515800 0.002660
1.292000 1.515700 0.002660
1.294000 1.515500 0.002660
1.296000 1.515400 0.002660
1.298000 1.515200 0.002660
1.300000 1.515100 0.002660
1.302000 1.514900 0.002660
1.304000 1.514800 0.002670
1.306000 1.514700 0.002670
1.308000 1.514500 0.002670
1.310000 1.514400 0.002670
1.312000 1.514200 0.002670
1.314000 1.514100 0.002670
1.316000 1.514000 0.002670
1.318000 1.513800 0.002670
1.320000 1.513700 0.002670
1.322000 1.513600 0.002670
1.324000 1.513400 0.002670
1.326000 1.513300 0.002670
1.328000 1.513200 0.002670
1.330000 1.513000 0.002680
1.332000 1.512900 0.002680
1.334000 1.512800 0.002680
1.336000 1.512600 0.002680
1.338000 1.512500 0.002680
1.340000 1.512400 0.002680
1.342000 1.512200 0.002680
1.344000 1.512100 0.002680
1.346000 1.512000 0.002680
1.348000 1.511800 0.002680
1.350000 1.511700 0.002680
1.352000 1.511600 0.002680
1.354000 1.511500 0.002680
1.356000 1.511300 0.002680
1.358000 1.511200 0.002680
1.360000 1.511100 0.002680
1.362000 1.511000 0.002680
1.364000 1.510800 0.002680
1.366000 1.510700 0.002680
1.368000 1.510600 0.002680
1.370000 1.510500 0.002680
1.372000 1.510300 0.002680
1.374000 1.510200 0.002680
1.376000 1.510100 0.002680
1.378000 1.510000 0.002680
1.380000 1.509900 0.002680
1.382000 1.509700 0.002680
1.384000 1.509600 0.002680
1.386000 1.509500 0.002680
1.388000 1.509400 0.002680
1.390000 1.509300 0.002680
1.392000 1.509200 0.002680
1.394000 1.509100 0.002680
1.396000 1.508900 0.002680
1.398000 1.508800 0.002680
1.400000 1.508700 0.002680
1.402000 1.508600 0.002680
1.404000 1.508500 0.002680
1.406000 1.508400 0.002680
1.408000 1.508300 0.002680
1.410000 1.508200 0.002680
1.412000 1.508000 0.002680
1.414000 1.507900 0.002680
1.416000 1.507800 0.002680
1.418000 1.507700 0.002680
1.420000 1.507600 0.002670
1.422000 1.507500 0.002670
1.424000 1.507400 0.002670
1.426000 1.507300 0.002670
1.428000 1.507200 0.002670
1.430000 1.507100 0.002670
1.432000 1.507000 0.002670
1.434000 1.506900 0.002670
1.436000 1.506800 0.002670
1.438000 1.506700 0.002670
1.440000 1.506600 0.002670
1.442000 1.506500 0.002670
1.444000 1.506400 0.002660
1.446000 1.506300 0.002660
1.448000 1.506200 0.002660
1.450000 1.506100 0.002660
1.452000 1.506000 0.002660
1.454000 1.505900 0.002660
1.456000 1.505800 0.002660
1.458000 1.505700 0.002660
1.460000 1.505600 0.002660
1.462000 1.505500 0.002650
1.464000 1.505400 0.002650
1.466000 1.505300 0.002650
1.468000 1.505200 0.002650
1.470000 1.505100 0.002650
1.472000 1.505000 0.002650
1.474000 1.504900 0.002650
1.476000 1.504900 0.002640
1.478000 1.504800 0.002640
1.480000 1.504700 0.002640
1.482000 1.504600 0.002640
1.484000 1.504500 0.002640
1.486000 1.504400 0.002640
1.488000 1.504300 0.002630
1.490000 1.504200 0.002630
1.492000 1.504100 0.002630
1.494000 1.504100 0.002630
1.496000 1.504000 0.002630
1.498000 1.503900 0.002630
1.500000 1.503800 0.002620
