0.300000 1.583200 0.000860
0.302000 1.582700 0.000860
0.304000 1.582300 0.000860
0.306000 1.581800 0.000860
0.308000 1.581400 0.000860
0.310000 1.581000 0.000870
0.312000 1.580500 0.000870
0.314000 1.580100 0.000870
0.316000 1.579700 0.000870
0.318000 1.579200 0.000870
0.320000 1.578800 0.000870
0.322000 1.578400 0.000870
0.324000 1.578000 0.000870
0.326000 1.577500 0.000870
0.328000 1.577100 0.000870
0.330000 1.576700 0.000870
0.332000 1.576200 0.000870
0.334000 1.575800 0.000880
0.336000 1.575400 0.000880
0.338000 1.575000 0.000880
0.340000 1.574500 0.000880
0.342000 1.574100 0.000880
0.344000 1.573700 0.000880
0.346000 1.573300 0.000880
0.348000 1.572800 0.000880
0.350000 1.572400 0.000880
0.352000 1.572000 0.000880
0.354000 1.571600 0.000890
0.356000 1.571200 0.000890
0.358000 1.570700 0.000890
0.360000 1.570300 0.000890
0.362000 1.569900 0.000890
0.364000 1.569500 0.000890
0.366000 1.569100 0.000890
0.368000 1.568600 0.000890
0.370000 1.568200 0.000890
0.372000 1.567800 0.000900
0.374000 1.567400 0.000900
0.376000 1.567000 0.000900
0.378000 1.566600 0.000900
0.380000 1.566200 0.000900
0.382000 1.565700 0.000900
0.384000 1.565300 0.000900
0.386000 1.564900 0.000900
0.388000 1.564500 0.000900
0.390000 1.564100 0.000910
0.392000 1.563700 0.000910
0.394000 1.563300 0.000910
0.396000 1.562900 0.000910
0.398000 1.562500 0.000910
0.400000 1.562100 0.000910
0.402000 1.561700 0.000910
0.404000 1.561200 0.000910
0.406000 1.560800 0.000920
0.408000 1.560400 0.000920
0.410000 1.560000 0.000920
0.412000 1.559600 0.000920
0.414000 1.559200 0.000920
0.416000 1.558800 0.000920
0.418000 1.558400 0.000920
0.420000 1.558000 0.000920
0.422000 1.557600 0.000930
0.424000 1.557200 0.000930
0.426000 1.556800 0.000930
0.428000 1.556400 0.000930
0.430000 1.556000 0.000930
0.432000 1.555600 0.000930
0.434000 1.555200 0.000930
0.436000 1.554800 0.000930
0.438000 1.554400 0.000940
0.440000 1.554000 0.000940
0.442000 1.553600 0.000940
0.444000 1.553200 0.000940
0.446000 1.552900 0.000940
0.448000 1.552500 0.000940
0.450000 1.552100 0.000940
0.452000 1.551700 0.000950
0.454000 1.551300 0.000950
0.456000 1.550900 0.000950
0.458000 1.550500 0.000950
0.460000 1.550100 0.000950
0.462000 1.549700 0.000950
0.464000 1.549300 0.000950
0.466000 1.548900 0.000960
0.468000 1.548600 0.000960
0.470000 1.548200 0.000960
0.472000 1.547800 0.000960
0.474000 1.547400 0.000960
0.476000 1.547000 0.000960
0.478000 1.546600 0.000960
0.480000 1.546200 0.000970
0.482000 1.545900 0.000970
0.484000 1.545500 0.000970
0.486000 1.545100 0.000970
0.488000 1.544700 0.000970
0.490000 1.544300 0.000970
0.492000 1.544000 0.000980
0.494000 1.543600 0.000980
0.496000 1.543200 0.000980
0.498000 1.542800 0.000980
0.500000 1.542400 0.000980
0.502000 1.542100 0.000980
0.504000 1.541700 0.000980
0.506000 1.541300 0.000990
0.508000 1.540900 0.000990
0.510000 1.540600 0.000990
0.512000 1.540200 0.000990
0.514000 1.539800 0.000990
0.516000 1.539400 0.000990
0.518000 1.539100 0.001000
0.520000 1.538700 0.001000
0.522000 1.538300 0.001000
0.524000 1.538000 0.001000
0.526000 1.537600 0.001000
0.528000 1.537200 0.001000
0.530000 1.536800 0.001010
0.532000 1.536500 0.001010
0.534000 1.536100 0.001010
0.536000 1.535700 0.001010
0.538000 1.535400 0.001010
0.540000 1.535000 0.001010
0.542000 1.534600 0.001020
0.544000 1.534300 0.001020
0.546000 1.533900 0.001020
0.548000 1.533500 0.001020
0.550000 1.533200 0.001020
0.552000 1.532800 0.001020
0.554000 1.532500 0.001030
0.556000 1.532100 0.001030
0.558000 1.531700 0.001030
0.560000 1.531400 0.001030
0.562000 1.531000 0.001030
0.564000 1.530700 0.001030
0.566000 1.530300 0.001040
0.568000 1.529900 0.001040
0.570000 1.529600 0.001040
0.572000 1.529200 0.001040
0.574000 1.528900 0.001040
0.576000 1.528500 0.001040
0.578000 1.528200 0.001050
0.580000 1.527800 0.001050
0.582000 1.527500 0.001050
0.584000 1.527100 0.001050
0.586000 1.526700 0.001050
0.588000 1.526400 0.001060
0.590000 1.526000 0.001060
0.592000 1.525700 0.001060
0.594000 1.525300 0.001060
0.596000 1.525000 0.001060
0.598000 1.524600 0.001060
0.600000 1.524300 0.001070
0.602000 1.523900 0.001070
0.604000 1.523600 0.001070
0.606000 1.523300 0.001070
0.608000 1.522900 0.001070
0.610000 1.522600 0.001080
0.612000 1.522200 0.001080
0.614000 1.521900 0.001080
0.616000 1.521500 0.001080
0.618000 1.521200 0.001080
0.620000 1.520800 0.001090
0.622000 1.520500 0.001090
0.624000 1.520200 0.001090
0.626000 1.519800 0.001090
0.628000 1.519500 0.001090
0.630000 1.519100 0.001090
0.632000 1.518800 0.001100
0.634000 1.518500 0.001100
0.636000 1.518100 0.001100
0.638000 1.517800 0.001100
0.640000 1.517400 0.001100
0.642000 1.517100 0.001110
0.644000 1.516800 0.001110
0.646000 1.516400 0.001110
0.648000 1.516100 0.001110
0.650000 1.515800 0.001110
0.652000 1.515400 0.001120
0.654000 1.515100 0.001120
0.656000 1.514800 0.001120
0.658000 1.514400 0.001120
0.660000 1.514100 0.001120
0.662000 1.513800 0.001130
0.664000 1.513400 0.001130
0.666000 1.513100 0.001130
0.668000 1.512800 0.001130
0.670000 1.512500 0.001130
0.672000 1.512100 0.001140
0.674000 1.511800 0.001140
0.676000 1.511500 0.001140
0.678000 1.511200 0.001140
0.680000 1.510800 0.001140
0.682000 1.510500 0.001150
0.684000 1.510200 0.001150
0.686000 1.509900 0.001150
0.688000 1.509500 0.001150
0.690000 1.509200 0.001150
0.692000 1.508900 0.001160
0.694000 1.508600 0.001160
0.696000 1.508300 0.001160
0.698000 1.507900 0.001160
0.700000 1.507600 0.001160
0.702000 1.507300 0.001170
0.704000 1.507000 0.001170
0.706000 1.506700 0.001170
0.708000 1.506300 0.001170
0.710000 1.506000 0.001170
0.712000 1.505700 0.001180
0.714000 1.505400 0.001180
0.716000 1.505100 0.001180
0.718000 1.504800 0.001180
0.720000 1.504500 0.001180
0.722000 1.504100 0.001190
0.724000 1.503800 0.001190
0.726000 1.503500 0.001190
0.728000 1.503200 0.001190
0.730000 1.502900 0.001190
0.732000 1.502600 0.001200
0.734000 1.502300 0.001200
0.736000 1.502000 0.001200
0.738000 1.501700 0.001200
0.740000 1.501400 0.001210
0.742000 1.501100 0.001210
0.744000 1.500700 0.001210
0.746000 1.500400 0.001210
0.748000 1.500100 0.001210
0.750000 1.499800 0.001220
0.752000 1.499500 0.001220
0.754000 1.499200 0.001220
0.756000 1.498900 0.001220
0.758000 1.498600 0.001220
0.760000 1.498300 0.001230
0.762000 1.498000 0.001230
0.764000 1.497700 0.001230
0.766000 1.497400 0.001230
0.768000 1.497100 0.001230
0.770000 1.496800 0.001240
0.772000 1.496500 0.001240
0.774000 1.496200 0.001240
0.776000 1.495900 0.001240
0.778000 1.495600 0.001250
0.780000 1.495300 0.001250
0.782000 1.495000 0.001250
0.784000 1.494700 0.001250
0.786000 1.494500 0.001250
0.788000 1.494200 0.001260
0.790000 1.493900 0.001260
0.792000 1.493600 0.001260
0.794000 1.493300 0.001260
0.796000 1.493000 0.001260
0.798000 1.492700 0.001270
0.800000 1.492400 0.001270
0.802000 1.492100 0.001270
0.804000 1.491800 0.001270
0.806000 1.491500 0.001280
0.808000 1.491300 0.001280
0.810000 1.491000 0.001280
0.812000 1.490700 0.001280
0.814000 1.490400 0.001280
0.816000 1.490100 0.001290
0.818000 1.489800 0.001290
0.820000 1.489500 0.001290
0.822000 1.489300 0.001290
0.824000 1.489000 0.001300
0.826000 1.488700 0.001300
0.828000 1.488400 0.001300
0.830000 1.488100 0.001300
0.832000 1.487900 0.001300
0.834000 1.487600 0.001310
0.836000 1.487300 0.001310
0.838000 1.487000 0.001310
0.840000 1.486700 0.001310
0.842000 1.486500 0.001310
0.844000 1.486200 0.001320
0.846000 1.485900 0.001320
0.848000 1.485600 0.001320
0.850000 1.485400 0.001320
0.852000 1.485100 0.001330
0.854000 1.484800 0.001330
0.856000 1.484500 0.001330
0.858000 1.484300 0.001330
0.860000 1.484000 0.001330
0.862000 1.483700 0.001340
0.864000 1.483500 0.001340
0.866000 1.483200 0.001340
0.868000 1.482900 0.001340
0.870000 1.482600 0.001350
0.872000 1.482400 0.001350
0.874000 1.482100 0.001350
0.876000 1.481800 0.001350
0.878000 1.481600 0.001350
0.880000 1.481300 0.001360
0.882000 1.481000 0.001360
0.884000 1.480800 0.001360
0.886000 1.480500 0.001360
0.888000 1.480200 0.001370
0.890000 1.480000 0.001370
0.892000 1.479700 0.001370
0.894000 1.479500 0.001370
0.896000 1.479200 0.001370
0.898000 1.478900 0.001380
0.900000 1.478700 0.001380
0.902000 1.478400 0.001380
0.904000 1.478200 0.001380
0.906000 1.477900 0.001390
0.908000 1.477600 0.001390
0.910000 1.477400 0.001390
0.912000 1.477100 0.001390
0.914000 1.476900 0.001390
0.916000 1.476600 0.001400
0.918000 1.476400 0.001400
0.920000 1.476100 0.001400
0.922000 1.475900 0.001400
0.924000 1.475600 0.001410
0.926000 1.475300 0.001410
0.928000 1.475100 0.001410
0.930000 1.474800 0.001410
0.932000 1.474600 0.001410
0.934000 1.474300 0.001420
0.936000 1.474100 0.001420
0.938000 1.473800 0.001420
0.940000 1.473600 0.001420
0.942000 1.473400 0.001430
0.944000 1.473100 0.001430
0.946000 1.472900 0.001430
0.948000 1.472600 0.001430
0.950000 1.472400 0.001430
0.952000 1.472100 0.001440
0.954000 1.471900 0.001440
0.956000 1.471600 0.001440
0.958000 1.471400 0.001440
0.960000 1.471100 0.001450
0.962000 1.470900 0.001450
0.964000 1.470700 0.001450
0.966000 1.470400 0.001450
0.968000 1.470200 0.001450
0.970000 1.469900 0.001460
0.972000 1.469700 0.001460
0.974000 1.469500 0.001460
0.976000 1.469200 0.001460
0.978000 1.469000 0.001460
0.980000 1.468800 0.001470
0.982000 1.468500 0.001470
0.984000 1.468300 0.001470
0.986000 1.468000 0.001470
0.988000 1.467800 0.001480
0.990000 1.467600 0.001480
0.992000 1.467300 0.001480
0.994000 1.467100 0.001480
0.996000 1.466900 0.001480
0.998000 1.466600 0.001490
1.000000 1.466400 0.001490
1.002000 1.466200 0.001490
1.004000 1.466000 0.001490
1.006000 1.465700 0.001500
1.008000 1.465500 0.001500
1.010000 1.465300 0.001500
1.012000 1.465000 0.001500
1.014000 1.464800 0.001500
1.016000 1.464600 0.001510
1.018000 1.464400 0.001510
1.020000 1.464100 0.001510
1.022000 1.463900 0.001510
1.024000 1.463700 0.001520
1.026000 1.463500 0.001520
1.028000 1.463200 0.001520
1.030000 1.463000 0.001520
1.032000 1.462800 0.001520
1.034000 1.462600 0.001530
1.036000 1.462400 0.001530
1.038000 1.462100 0.001530
1.040000 1.461900 0.001530
1.042000 1.461700 0.001530
1.044000 1.461500 0.001540
1.046000 1.461300 0.001540
1.048000 1.461100 0.001540
1.050000 1.460800 0.001540
1.052000 1.460600 0.001550
1.054000 1.460400 0.001550
1.056000 1.460200 0.001550
1.058000 1.460000 0.001550
1.060000 1.459800 0.001550
1.062000 1.459600 0.001560
1.064000 1.459300 0.001560
1.066000 1.459100 0.001560
1.068000 1.458900 0.001560
1.070000 1.458700 0.001560
1.072000 1.458500 0.001570
1.074000 1.458300 0.001570
1.076000 1.458100 0.001570
1.078000 1.457900 0.001570
1.080000 1.457700 0.001580
1.082000 1.457500 0.001580
1.084000 1.457300 0.001580
1.086000 1.457100 0.001580
1.088000 1.456800 0.001580
1.090000 1.456600 0.001590
1.092000 1.456400 0.001590
1.094000 1.456200 0.001590
1.096000 1.456000 0.001590
1.098000 1.455800 0.001590
1.100000 1.455600 0.001600
1.102000 1.455400 0.001600
1.104000 1.455200 0.001600
1.106000 1.455000 0.001600
1.108000 1.454800 0.001610
1.110000 1.454600 0.001610
1.112000 1.454400 0.001610
1.114000 1.454200 0.001610
1.116000 1.454000 0.001610
1.118000 1.453800 0.001620
1.120000 1.453600 0.001620
1.122000 1.453500 0.001620
1.124000 1.453300 0.001620
1.126000 1.453100 0.001620
1.128000 1.452900 0.001630
1.130000 1.452700 0.001630
1.132000 1.452500 0.001630
1.134000 1.452300 0.001630
1.136000 1.452100 0.001630
1.138000 1.451900 0.001640
1.140000 1.451700 0.001640
1.142000 1.451500 0.001640
1.144000 1.451300 0.001640
1.146000 1.451200 0.001640
1.148000 1.451000 0.001650
1.150000 1.450800 0.001650
1.152000 1.450600 0.001650
1.154000 1.450400 0.001650
1.156000 1.450200 0.001650
1.158000 1.450000 0.001660
1.160000 1.449900 0.001660
1.162000 1.449700 0.001660
1.164000 1.449500 0.001660
1.166000 1.449300 0.001660
1.168000 1.449100 0.001670
1.170000 1.449000 0.001670
1.172000 1.448800 0.001670
1.174000 1.448600 0.001670
1.176000 1.448400 0.001670
1.178000 1.448200 0.001680
1.180000 1.448100 0.001680
1.182000 1.447900 0.001680
1.184000 1.447700 0.001680
1.186000 1.447500 0.001680
1.188000 1.447400 0.001690
1.190000 1.447200 0.001690
1.192000 1.447000 0.001690
1.194000 1.446800 0.001690
1.196000 1.446700 0.001690
1.198000 1.446500 0.001700
1.200000 1.446300 0.001700
1.202000 1.446100 0.001700
1.204000 1.446000 0.001700
1.206000 1.445800 0.001700
1.208000 1.445600 0.001710
1.210000 1.445500 0.001710
1.212000 1.445300 0.001710
1.214000 1.445100 0.001710
1.216000 1.445000 0.001710
1.218000 1.444800 0.001710
1.220000 1.444600 0.001720
1.222000 1.444500 0.001720
1.224000 1.444300 0.001720
1.226000 1.444100 0.001720
1.228000 1.444000 0.001720
1.230000 1.443800 0.001730
1.232000 1.443600 0.001730
1.234000 1.443500 0.001730
1.236000 1.443300 0.001730
1.238000 1.443200 0.001730
1.240000 1.443000 0.001740
1.242000 1.442800 0.001740
1.244000 1.442700 0.001740
1.246000 1.442500 0.001740
1.248000 1.442400 0.001740
1.250000 1.442200 0.001740
1.252000 1.442000 0.001750
1.254000 1.441900 0.001750
1.256000 1.441700 0.001750
1.258000 1.441600 0.001750
1.260000 1.441400 0.001750
1.262000 1.441300 0.001760
1.264000 1.441100 0.001760
1.266000 1.441000 0.001760
1.268000 1.440800 0.001760
1.270000 1.440700 0.001760
1.272000 1.440500 0.001760
1.274000 1.440400 0.001770
1.276000 1.440200 0.001770
1.278000 1.440100 0.001770
1.280000 1.439900 0.001770
1.282000 1.439800 0.001770
1.284000 1.439600 0.001770
1.286000 1.439500 0.001780
1.288000 1.439300 0.001780
1.290000 1.439200 0.001780
1.292000 1.439000 0.001780
1.294000 1.438900 0.001780
1.296000 1.438800 0.001780
1.298000 1.438600 0.001790
1.300000 1.438500 0.001790
1.302000 1.438300 0.001790
1.304000 1.438200 0.001790
1.306000 1.438000 0.001790
1.308000 1.437900 0.001790
1.310000 1.437800 0.001800
1.312000 1.437600 0.001800
1.314000 1.437500 0.001800
1.316000 1.437300 0.001800
1.318000 1.437200 0.001800
1.320000 1.437100 0.001800
1.322000 1.436900 0.001810
1.324000 1.436800 0.001810
1.326000 1.436700 0.001810
1.328000 1.436500 0.001810
1.330000 1.436400 0.001810
1.332000 1.436300 0.001810
1.334000 1.436100 0.001820
1.336000 1.436000 0.001820
1.338000 1.435900 0.001820
1.340000 1.435700 0.001820
1.342000 1.435600 0.001820
1.344000 1.435500 0.001820
1.346000 1.435400 0.001830
1.348000 1.435200 0.001830
1.350000 1.435100 0.001830
1.352000 1.435000 0.001830
1.354000 1.434800 0.001830
1.356000 1.434700 0.001830
1.358000 1.434600 0.001830
1.360000 1.434500 0.001840
1.362000 1.434300 0.001840
1.364000 1.434200 0.001840
1.366000 1.434100 0.001840
1.368000 1.434000 0.001840
1.370000 1.433900 0.001840
1.372000 1.433700 0.001850
1.374000 1.433600 0.001850
1.376000 1.433500 0.001850
1.378000 1.433400 0.001850
1.380000 1.433300 0.001850
1.382000 1.433100 0.001850
1.384000 1.433000 0.001850
1.386000 1.432900 0.001860
1.388000 1.432800 0.001860
1.390000 1.432700 0.001860
1.392000 1.432600 0.001860
1.394000 1.432400 0.001860
1.396000 1.432300 0.001860
1.398000 1.432200 0.001860
1.400000 1.432100 0.001860
1.402000 1.432000 0.001870
1.404000 1.431900 0.001870
1.406000 1.431800 0.001870
1.408000 1.431600 0.001870
1.410000 1.431500 0.001870
1.412000 1.431400 0.001870
1.414000 1.431300 0.001870
1.416000 1.431200 0.001880
1.418000 1.431100 0.001880
1.420000 1.431000 0.001880
1.422000 1.430900 0.001880
1.424000 1.430800 0.001880
1.426000 1.430700 0.001880
1.428000 1.430600 0.001880
1.430000 1.430500 0.001880
1.432000 1.430400 0.001890
1.434000 1.430300 0.001890
1.436000 1.430200 0.001890
1.438000 1.430100 0.001890
1.440000 1.430000 0.001890
1.442000 1.429900 0.001890
1.444000 1.429800 0.001890
1.446000 1.429700 0.001890
1.448000 1.429600 0.001900
1.450000 1.429500 0.001900
1.452000 1.429400 0.001900
1.454000 1.429300 0.001900
1.456000 1.429200 0.001900
1.458000 1.429100 0.001900
1.460000 1.429000 0.001900
1.462000 1.428900 0.001900
1.464000 1.428800 0.001900
1.466000 1.428700 0.001910
1.468000 1.428600 0.001910
1.470000 1.428500 0.001910
1.472000 1.428400 0.001910
1.474000 1.428300 0.001910
1.476000 1.428200 0.001910
1.478000 1.428100 0.001910
1.480000 1.428100 0.001910
1.482000 1.428000 0.001910
1.484000 1.427900 0.001920
1.486000 1.427800 0.001920
1.488000 1.427700 0.001920
1.490000 1.427600 0.001920
1.492000 1.427500 0.001920
1.494000 1.427400 0.001920
1.496000 1.427400 0.001920
1.498000 1.427300 0.001920
1.500000 1.427200 0.001920
