0.300000 1.565100 0.000440
0.302000 1.564700 0.000450
0.304000 1.564300 0.000450
0.306000 1.563800 0.000450
0.308000 1.563400 0.000450
0.310000 1.563000 0.000450
0.312000 1.562500 0.000450
0.314000 1.562100 0.000450
0.316000 1.561700 0.000450
0.318000 1.561200 0.000450
0.320000 1.560800 0.000450
0.322000 1.560400 0.000460
0.324000 1.559900 0.000460
0.326000 1.559500 0.000460
0.328000 1.559100 0.000460
0.330000 1.558700 0.000460
0.332000 1.558200 0.000460
0.334000 1.557800 0.000460
0.336000 1.557400 0.000460
0.338000 1.557000 0.000460
0.340000 1.556500 0.000460
0.342000 1.556100 0.000470
0.344000 1.555700 0.000470
0.346000 1.555300 0.000470
0.348000 1.554800 0.000470
0.350000 1.554400 0.000470
0.352000 1.554000 0.000470
0.354000 1.553600 0.000470
0.356000 1.553100 0.000470
0.358000 1.552700 0.000470
0.360000 1.552300 0.000470
0.362000 1.551900 0.000470
0.364000 1.551500 0.000480
0.366000 1.551100 0.000480
0.368000 1.550600 0.000480
0.370000 1.550200 0.000480
0.372000 1.549800 0.000480
0.374000 1.549400 0.000480
0.376000 1.549000 0.000480
0.378000 1.548600 0.000480
0.380000 1.548100 0.000480
0.382000 1.547700 0.000480
0.384000 1.547300 0.000480
0.386000 1.546900 0.000490
0.388000 1.546500 0.000490
0.390000 1.546100 0.000490
0.392000 1.545700 0.000490
0.394000 1.545300 0.000490
0.396000 1.544900 0.000490
0.398000 1.544500 0.000490
0.400000 1.544000 0.000490
0.402000 1.543600 0.000490
0.404000 1.543200 0.000490
0.406000 1.542800 0.000490
0.408000 1.542400 0.000500
0.410000 1.542000 0.000500
0.412000 1.541600 0.000500
0.414000 1.541200 0.000500
0.416000 1.540800 0.000500
0.418000 1.540400 0.000500
0.420000 1.540000 0.000500
0.422000 1.539600 0.000500
0.424000 1.539200 0.000500
0.426000 1.538800 0.000500
0.428000 1.538400 0.000500
0.430000 1.538000 0.000510
0.432000 1.537600 0.000510
0.434000 1.537200 0.000510
0.436000 1.536800 0.000510
0.438000 1.536400 0.000510
0.440000 1.536000 0.000510
0.442000 1.535600 0.000510
0.444000 1.535200 0.000510
0.446000 1.534800 0.000510
0.448000 1.534400 0.000510
0.450000 1.534100 0.000510
0.452000 1.533700 0.000520
0.454000 1.533300 0.000520
0.456000 1.532900 0.000520
0.458000 1.532500 0.000520
0.460000 1.532100 0.000520
0.462000 1.531700 0.000520
0.464000 1.531300 0.000520
0.466000 1.530900 0.000520
0.468000 1.530500 0.000520
0.470000 1.530200 0.000520
0.472000 1.529800 0.000520
0.474000 1.529400 0.000530
0.476000 1.529000 0.000530
0.478000 1.528600 0.000530
0.480000 1.528200 0.000530
0.482000 1.527800 0.000530
0.484000 1.527500 0.000530
0.486000 1.527100 0.000530
0.488000 1.526700 0.000530
0.490000 1.526300 0.000530
0.492000 1.525900 0.000530
0.494000 1.525600 0.000530
0.496000 1.525200 0.000530
0.498000 1.524800 0.000540
0.500000 1.524400 0.000540
0.502000 1.524000 0.000540
0.504000 1.523700 0.000540
0.506000 1.523300 0.000540
0.508000 1.522900 0.000540
0.510000 1.522500 0.000540
0.512000 1.522200 0.000540
0.514000 1.521800 0.000540
0.516000 1.521400 0.000540
0.518000 1.521100 0.000540
0.520000 1.520700 0.000550
0.522000 1.520300 0.000550
0.524000 1.519900 0.000550
0.526000 1.519600 0.000550
0.528000 1.519200 0.000550
0.530000 1.518800 0.000550
0.532000 1.518500 0.000550
0.534000 1.518100 0.000550
0.536000 1.517700 0.000550
0.538000 1.517400 0.000550
0.540000 1.517000 0.000550
0.542000 1.516600 0.000550
0.544000 1.516300 0.000560
0.546000 1.515900 0.000560
0.548000 1.515500 0.000560
0.550000 1.515200 0.000560
0.552000 1.514800 0.000560
0.554000 1.514400 0.000560
0.556000 1.514100 0.000560
0.558000 1.513700 0.000560
0.560000 1.513400 0.000560
0.562000 1.513000 0.000560
0.564000 1.512600 0.000560
0.566000 1.512300 0.000560
0.568000 1.511900 0.000570
0.570000 1.511600 0.000570
0.572000 1.511200 0.000570
0.574000 1.510900 0.000570
0.576000 1.510500 0.000570
0.578000 1.510100 0.000570
0.580000 1.509800 0.000570
0.582000 1.509400 0.000570
0.584000 1.509100 0.000570
0.586000 1.508700 0.000570
0.588000 1.508400 0.000570
0.590000 1.508000 0.000570
0.592000 1.507700 0.000580
0.594000 1.507300 0.000580
0.596000 1.507000 0.000580
0.598000 1.506600 0.000580
0.600000 1.506300 0.000580
0.602000 1.505900 0.000580
0.604000 1.505600 0.000580
0.606000 1.505200 0.000580
0.608000 1.504900 0.000580
0.610000 1.504500 0.000580
0.612000 1.504200 0.000580
0.614000 1.503900 0.000580
0.616000 1.503500 0.000580
0.618000 1.503200 0.000590
0.620000 1.502800 0.000590
0.622000 1.502500 0.000590
0.624000 1.502100 0.000590
0.626000 1.501800 0.000590
0.628000 1.501500 0.000590
0.630000 1.501100 0.000590
0.632000 1.500800 0.000590
0.634000 1.500400 0.000590
0.636000 1.500100 0.000590
0.638000 1.499800 0.000590
0.640000 1.499400 0.000590
0.642000 1.499100 0.000590
0.644000 1.498800 0.000600
0.646000 1.498400 0.000600
0.648000 1.498100 0.000600
0.650000 1.497800 0.000600
0.652000 1.497400 0.000600
0.654000 1.497100 0.000600
0.656000 1.496800 0.000600
0.658000 1.496400 0.000600
0.660000 1.496100 0.000600
0.662000 1.495800 0.000600
0.664000 1.495400 0.000600
0.666000 1.495100 0.000600
0.668000 1.494800 0.000600
0.670000 1.494500 0.000610
0.672000 1.494100 0.000610
0.674000 1.493800 0.000610
0.676000 1.493500 0.000610
0.678000 1.493100 0.000610
0.680000 1.492800 0.000610
0.682000 1.492500 0.000610
0.684000 1.492200 0.000610
0.686000 1.491800 0.000610
0.688000 1.491500 0.000610
0.690000 1.491200 0.000610
0.692000 1.490900 0.000610
0.694000 1.490600 0.000610
0.696000 1.490200 0.000620
0.698000 1.489900 0.000620
0.700000 1.489600 0.000620
0.702000 1.489300 0.000620
0.704000 1.489000 0.000620
0.706000 1.488600 0.000620
0.708000 1.488300 0.000620
0.710000 1.488000 0.000620
0.712000 1.487700 0.000620
0.714000 1.487400 0.000620
0.716000 1.487100 0.000620
0.718000 1.486800 0.000620
0.720000 1.486400 0.000620
0.722000 1.486100 0.000620
0.724000 1.485800 0.000630
0.726000 1.485500 0.000630
0.728000 1.485200 0.000630
0.730000 1.484900 0.000630
0.732000 1.484600 0.000630
0.734000 1.484300 0.000630
0.736000 1.484000 0.000630
0.738000 1.483700 0.000630
0.740000 1.483300 0.000630
0.742000 1.483000 0.000630
0.744000 1.482700 0.000630
0.746000 1.482400 0.000630
0.748000 1.482100 0.000630
0.750000 1.481800 0.000630
0.752000 1.481500 0.000640
0.754000 1.481200 0.000640
0.756000 1.480900 0.000640
0.758000 1.480600 0.000640
0.760000 1.480300 0.000640
0.762000 1.480000 0.000640
0.764000 1.479700 0.000640
0.766000 1.479400 0.000640
0.768000 1.479100 0.000640
0.770000 1.478800 0.000640
0.772000 1.478500 0.000640
0.774000 1.478200 0.000640
0.776000 1.477900 0.000640
0.778000 1.477600 0.000640
0.780000 1.477300 0.000650
0.782000 1.477000 0.000650
0.784000 1.476700 0.000650
0.786000 1.476400 0.000650
0.788000 1.476100 0.000650
0.790000 1.475900 0.000650
0.792000 1.475600 0.000650
0.794000 1.475300 0.000650
0.796000 1.475000 0.000650
0.798000 1.474700 0.000650
0.800000 1.474400 0.000650
0.802000 1.474100 0.000650
0.804000 1.473800 0.000650
0.806000 1.473500 0.000650
0.808000 1.473200 0.000650
0.810000 1.473000 0.000660
0.812000 1.472700 0.000660
0.814000 1.472400 0.000660
0.816000 1.472100 0.000660
0.818000 1.471800 0.000660
0.820000 1.471500 0.000660
0.822000 1.471300 0.000660
0.824000 1.471000 0.000660
0.826000 1.470700 0.000660
0.828000 1.470400 0.000660
0.830000 1.470100 0.000660
0.832000 1.469800 0.000660
0.834000 1.469600 0.000660
0.836000 1.469300 0.000660
0.838000 1.469000 0.000660
0.840000 1.468700 0.000670
0.842000 1.468500 0.000670
0.844000 1.468200 0.000670
0.846000 1.467900 0.000670
0.848000 1.467600 0.000670
0.850000 1.467300 0.000670
0.852000 1.467100 0.000670
0.854000 1.466800 0.000670
0.856000 1.466500 0.000670
0.858000 1.466300 0.000670
0.860000 1.466000 0.000670
0.862000 1.465700 0.000670
0.864000 1.465400 0.000670
0.866000 1.465200 0.000670
0.868000 1.464900 0.000670
0.870000 1.464600 0.000670
0.872000 1.464400 0.000680
0.874000 1.464100 0.000680
0.876000 1.463800 0.000680
0.878000 1.463600 0.000680
0.880000 1.463300 0.000680
0.882000 1.463000 0.000680
0.884000 1.462800 0.000680
0.886000 1.462500 0.000680
0.888000 1.462200 0.000680
0.890000 1.462000 0.000680
0.892000 1.461700 0.000680
0.894000 1.461400 0.000680
0.896000 1.461200 0.000680
0.898000 1.460900 0.000680
0.900000 1.460700 0.000680
0.902000 1.460400 0.000680
0.904000 1.460100 0.000690
0.906000 1.459900 0.000690
0.908000 1.459600 0.000690
0.910000 1.459400 0.000690
0.912000 1.459100 0.000690
0.914000 1.458900 0.000690
0.916000 1.458600 0.000690
0.918000 1.458300 0.000690
0.920000 1.458100 0.000690
0.922000 1.457800 0.000690
0.924000 1.457600 0.000690
0.926000 1.457300 0.000690
0.928000 1.457100 0.000690
0.930000 1.456800 0.000690
0.932000 1.456600 0.000690
0.934000 1.456300 0.000690
0.936000 1.456100 0.000690
0.938000 1.455800 0.000690
0.940000 1.455600 0.000700
0.942000 1.455300 0.000700
0.944000 1.455100 0.000700
0.946000 1.454800 0.000700
0.948000 1.454600 0.000700
0.950000 1.454400 0.000700
0.952000 1.454100 0.000700
0.954000 1.453900 0.000700
0.956000 1.453600 0.000700
0.958000 1.453400 0.000700
0.960000 1.453100 0.000700
0.962000 1.452900 0.000700
0.964000 1.452600 0.000700
0.966000 1.452400 0.000700
0.968000 1.452200 0.000700
0.970000 1.451900 0.000700
0.972000 1.451700 0.000700
0.974000 1.451500 0.000710
0.976000 1.451200 0.000710
0.978000 1.451000 0.000710
0.980000 1.450700 0.000710
0.982000 1.450500 0.000710
0.984000 1.450300 0.000710
0.986000 1.450000 0.000710
0.988000 1.449800 0.000710
0.990000 1.449600 0.000710
0.992000 1.449300 0.000710
0.994000 1.449100 0.000710
0.996000 1.448900 0.000710
0.998000 1.448600 0.000710
1.000000 1.448400 0.000710
1.002000 1.448200 0.000710
1.004000 1.447900 0.000710
1.006000 1.447700 0.000710
1.008000 1.447500 0.000710
1.010000 1.447300 0.000710
1.012000 1.447000 0.000720
1.014000 1.446800 0.000720
1.016000 1.446600 0.000720
1.018000 1.446400 0.000720
1.020000 1.446100 0.000720
1.022000 1.445900 0.000720
1.024000 1.445700 0.000720
1.026000 1.445500 0.000720
1.028000 1.445200 0.000720
1.030000 1.445000 0.000720
1.032000 1.444800 0.000720
1.034000 1.444600 0.000720
1.036000 1.444400 0.000720
1.038000 1.444100 0.000720
1.040000 1.443900 0.000720
1.042000 1.443700 0.000720
1.044000 1.443500 0.000720
1.046000 1.443300 0.000720
1.048000 1.443000 0.000720
1.050000 1.442800 0.000720
1.052000 1.442600 0.000730
1.054000 1.442400 0.000730
1.056000 1.442200 0.000730
1.058000 1.442000 0.000730
1.060000 1.441800 0.000730
1.062000 1.441500 0.000730
1.064000 1.441300 0.000730
1.066000 1.441100 0.000730
1.068000 1.440900 0.000730
1.070000 1.440700 0.000730
1.072000 1.440500 0.000730
1.074000 1.440300 0.000730
1.076000 1.440100 0.000730
1.078000 1.439900 0.000730
1.080000 1.439700 0.000730
1.082000 1.439400 0.000730
1.084000 1.439200 0.000730
1.086000 1.439000 0.000730
1.088000 1.438800 0.000730
1.090000 1.438600 0.000730
1.092000 1.438400 0.000730
1.094000 1.438200 0.000730
1.096000 1.438000 0.000740
1.098000 1.437800 0.000740
1.100000 1.437600 0.000740
1.102000 1.437400 0.000740
1.104000 1.437200 0.000740
1.106000 1.437000 0.000740
1.108000 1.436800 0.000740
1.110000 1.436600 0.000740
1.112000 1.436400 0.000740
1.114000 1.436200 0.000740
1.116000 1.436000 0.000740
1.118000 1.435800 0.000740
1.120000 1.435600 0.000740
1.122000 1.435400 0.000740
1.124000 1.435200 0.000740
1.126000 1.435100 0.000740
1.128000 1.434900 0.000740
1.130000 1.434700 0.000740
1.132000 1.434500 0.000740
1.134000 1.434300 0.000740
1.136000 1.434100 0.000740
1.138000 1.433900 0.000740
1.140000 1.433700 0.000740
1.142000 1.433500 0.000750
1.144000 1.433300 0.000750
1.146000 1.433100 0.000750
1.148000 1.433000 0.000750
1.150000 1.432800 0.000750
1.152000 1.432600 0.000750
1.154000 1.432400 0.000750
1.156000 1.432200 0.000750
1.158000 1.432000 0.000750
1.160000 1.431800 0.000750
1.162000 1.431700 0.000750
1.164000 1.431500 0.000750
1.166000 1.431300 0.000750
1.168000 1.431100 0.000750
1.170000 1.430900 0.000750
1.172000 1.430800 0.000750
1.174000 1.430600 0.000750
1.176000 1.430400 0.000750
1.178000 1.430200 0.000750
1.180000 1.430000 0.000750
1.182000 1.429900 0.000750
1.184000 1.429700 0.000750
1.186000 1.429500 0.000750
1.188000 1.429300 0.000750
1.190000 1.429200 0.000750
1.192000 1.429000 0.000760
1.194000 1.428800 0.000760
1.196000 1.428600 0.000760
1.198000 1.428500 0.000760
1.200000 1.428300 0.000760
1.202000 1.428100 0.000760
1.204000 1.428000 0.000760
1.206000 1.427800 0.000760
1.208000 1.427600 0.000760
1.210000 1.427400 0.000760
1.212000 1.427300 0.000760
1.214000 1.427100 0.000760
1.216000 1.426900 0.000760
1.218000 1.426800 0.000760
1.220000 1.426600 0.000760
1.222000 1.426400 0.000760
1.224000 1.426300 0.000760
1.226000 1.426100 0.000760
1.228000 1.426000 0.000760
1.230000 1.425800 0.000760
1.232000 1.425600 0.000760
1.234000 1.425500 0.000760
1.236000 1.425300 0.000760
1.238000 1.425100 0.000760
1.240000 1.425000 0.000760
1.242000 1.424800 0.000760
1.244000 1.424700 0.000760
1.246000 1.424500 0.000760
1.248000 1.424300 0.000760
1.250000 1.424200 0.000770
1.252000 1.424000 0.000770
1.254000 1.423900 0.000770
1.256000 1.423700 0.000770
1.258000 1.423600 0.000770
1.260000 1.423400 0.000770
1.262000 1.423300 0.000770
1.264000 1.423100 0.000770
1.266000 1.423000 0.000770
1.268000 1.422800 0.000770
1.270000 1.422700 0.000770
1.272000 1.422500 0.000770
1.274000 1.422400 0.000770
1.276000 1.422200 0.000770
1.278000 1.422100 0.000770
1.280000 1.421900 0.000770
1.282000 1.421800 0.000770
1.284000 1.421600 0.000770
1.286000 1.421500 0.000770
1.288000 1.421300 0.000770
1.290000 1.421200 0.000770
1.292000 1.421000 0.000770
1.294000 1.420900 0.000770
1.296000 1.420700 0.000770
1.298000 1.420600 0.000770
1.300000 1.420500 0.000770
1.302000 1.420300 0.000770
1.304000 1.420200 0.000770
1.306000 1.420000 0.000770
1.308000 1.419900 0.000770
1.310000 1.419800 0.000770
1.312000 1.419600 0.000770
1.314000 1.419500 0.000770
1.316000 1.419300 0.000770
1.318000 1.419200 0.000780
1.320000 1.419100 0.000780
1.322000 1.418900 0.000780
1.324000 1.418800 0.000780
1.326000 1.418700 0.000780
1.328000 1.418500 0.000780
1.330000 1.418400 0.000780
1.332000 1.418300 0.000780
1.334000 1.418100 0.000780
1.336000 1.418000 0.000780
1.338000 1.417900 0.000780
1.340000 1.417700 0.000780
1.342000 1.417600 0.000780
1.344000 1.417500 0.000780
1.346000 1.417300 0.000780
1.348000 1.417200 0.000780
1.350000 1.417100 0.000780
1.352000 1.417000 0.000780
1.354000 1.416800 0.000780
1.356000 1.416700 0.000780
1.358000 1.416600 0.000780
1.360000 1.416500 0.000780
1.362000 1.416300 0.000780
1.364000 1.416200 0.000780
1.366000 1.416100 0.000780
1.368000 1.416000 0.000780
1.370000 1.415800 0.000780
1.372000 1.415700 0.000780
1.374000 1.415600 0.000780
1.376000 1.415500 0.000780
1.378000 1.415400 0.000780
1.380000 1.415200 0.000780
1.382000 1.415100 0.000780
1.384000 1.415000 0.000780
1.386000 1.414900 0.000780
1.388000 1.414800 0.000780
1.390000 1.414700 0.000780
1.392000 1.414500 0.000780
1.394000 1.414400 0.000780
1.396000 1.414300 0.000780
1.398000 1.414200 0.000780
1.400000 1.414100 0.000780
1.402000 1.414000 0.000780
1.404000 1.413900 0.000780
1.406000 1.413700 0.000780
1.408000 1.413600 0.000780
1.410000 1.413500 0.000790
1.412000 1.413400 0.000790
1.414000 1.413300 0.000790
1.416000 1.413200 0.000790
1.418000 1.413100 0.000790
1.420000 1.413000 0.000790
1.422000 1.412900 0.000790
1.424000 1.412800 0.000790
1.426000 1.412700 0.000790
1.428000 1.412600 0.000790
1.430000 1.412500 0.000790
1.432000 1.412400 0.000790
1.434000 1.412200 0.000790
1.436000 1.412100 0.000790
1.438000 1.412000 0.000790
1.440000 1.411900 0.000790
1.442000 1.411800 0.000790
1.444000 1.411700 0.000790
1.446000 1.411600 0.000790
1.448000 1.411500 0.000790
1.450000 1.411400 0.000790
1.452000 1.411300 0.000790
1.454000 1.411300 0.000790
1.456000 1.411200 0.000790
1.458000 1.411100 0.000790
1.460000 1.411000 0.000790
1.462000 1.410900 0.000790
1.464000 1.410800 0.000790
1.466000 1.410700 0.000790
1.468000 1.410600 0.000790
1.470000 1.410500 0.000790
1.472000 1.410400 0.000790
1.474000 1.410300 0.000790
1.476000 1.410200 0.000790
1.478000 1.410100 0.000790
1.480000 1.410000 0.000790
1.482000 1.410000 0.000790
1.484000 1.409900 0.000790
1.486000 1.409800 0.000790
1.488000 1.409700 0.000790
1.490000 1.409600 0.000790
1.492000 1.409500 0.000790
1.494000 1.409400 0.000790
1.496000 1.409300 0.000790
1.498000 1.409300 0.000790
1.500000 1.409200 0.000790
