  0.25  1.510 5.0000E-06
  0.30  1.510 2.0000E-06
  0.35  1.510 3.2400E-07
  0.40  1.500 3.0000E-08
  0.45  1.500 2.4300E-08
  0.50  1.500 1.5500E-08
  0.55  1.500 1.0000E-08
  0.60  1.490 1.6000E-08
  0.65  1.490 4.2400E-08
  0.70  1.490 2.0000E-07
  0.75  1.490 1.0800E-06
  0.80  1.480 1.9500E-06
  0.90  1.480 4.2400E-05
  1.00  1.470 1.4100E-04
  1.25  1.470 3.5800E-04
  1.50  1.460 5.7000E-04
  1.75  1.450 7.6200E-04
  2.00  1.450 1.0000E-03
  2.50  1.430 4.0000E-03
  3.00  1.610 1.0000E-02
  3.20  1.490 3.0000E-03
  3.39  1.480 2.0500E-03
  3.50  1.480 1.6000E-03
  3.75  1.470 1.4000E-03
  4.00  1.480 1.4000E-03
  4.50  1.490 1.4000E-03
  5.00  1.470 2.5000E-03
  5.50  1.420 3.6000E-03
  6.00  1.410 1.1000E-02
  6.20  1.600 2.2000E-02
  6.50  1.460 5.0000E-03
  7.20  1.420 7.0000E-03
  7.90  1.400 1.3000E-02
  8.20  1.420 2.0000E-02
  8.50  1.480 2.6000E-02
  8.70  1.600 3.0000E-02
  9.00  1.650 2.8000E-02
  9.20  1.610 2.6200E-02
  9.50  1.580 1.8000E-02
  9.80  1.560 1.6000E-02
 10.00  1.540 1.5000E-02
 10.60  1.500 1.4000E-02
 11.00  1.480 1.4000E-02
 11.50  1.480 1.4000E-02
 12.50  1.420 1.6000E-02
 13.00  1.410 1.8000E-02
 14.00  1.410 2.3000E-02
 14.80  1.430 3.0000E-02
 15.00  1.450 3.5000E-02
 16.40  1.560 9.0000E-02
 17.20  1.740 1.2000E-01
 18.00  1.780 1.3000E-01
 18.50  1.770 1.3500E-01
 20.00  1.760 1.5200E-01
 21.30  1.760 1.6500E-01
 22.50  1.760 1.8000E-01
 25.00  1.760 2.0500E-01
 27.90  1.770 2.7500E-01
 30.00  1.770 3.0000E-01
 35.00  1.760 5.0000E-01
 40.00  1.740 1.0000E+00
