  0.25  1.406 2.5120E-08
  0.30  1.392 1.3860E-08
  0.35  1.382 7.7480E-09
  0.40  1.375 4.7630E-09
  0.45  1.371 4.2230E-09
  0.50  1.369 4.2100E-09
  0.55  1.368 4.8280E-09
  0.60  1.367 1.2260E-08
  0.65  1.366 1.6510E-08
  0.70  1.366 2.8860E-08
  0.75  1.365 1.2590E-07
  0.80  1.364 1.1120E-07
  0.90  1.363 4.0360E-07
  1.00  1.361 2.4050E-06
  1.25  1.355 8.0720E-06
  1.50  1.350 1.7150E-04
  1.75  1.342 2.1270E-04
  2.00  1.334 1.1570E-03
  2.50  1.291 2.4600E-03
  3.00  1.343 2.0900E-01
  3.20  1.418 1.0760E-01
  3.39  1.397 7.1170E-02
  3.50  1.391 6.2400E-02
  3.75  1.379 4.8980E-02
  4.00  1.363 4.7900E-02
  4.50  1.351 5.1420E-02
  5.00  1.337 5.1140E-02
  5.50  1.312 7.2730E-02
  6.00  1.322 1.3840E-01
  6.20  1.385 1.1550E-01
  6.50  1.350 7.0870E-02
  7.20  1.276 8.3430E-02
  7.90  1.239 1.9590E-01
  8.20  1.255 2.5260E-01
  8.50  1.311 2.9290E-01
  8.70  1.364 2.9970E-01
  9.00  1.400 2.5140E-01
  9.20  1.378 2.3570E-01
  9.50  1.395 2.9610E-01
  9.80  1.472 2.7340E-01
 10.00  1.458 1.9500E-01
 10.60  1.372 1.6460E-01
 11.00  1.337 2.3530E-01
 11.50  1.399 2.2470E-01
 12.50  1.343 2.3720E-01
 13.00  1.340 2.6580E-01
 14.00  1.363 3.0760E-01
 14.80  1.384 3.2790E-01
 15.00  1.384 3.3390E-01
 16.40  1.408 4.2240E-01
 17.20  1.507 4.8640E-01
 18.00  1.611 2.8870E-01
 18.50  1.616 2.8160E-01
 20.00  1.602 2.6120E-01
 21.30  1.594 3.4810E-01
 22.50  1.636 2.4930E-01
 25.00  1.673 3.0040E-01
 27.90  1.681 2.8230E-01
 30.00  1.683 2.7520E-01
 35.00  1.663 2.8390E-01
 40.00  1.651 3.2610E-01
