  0.25  1.368 2.3820E-07
  0.30  1.356 9.7790E-08
  0.35  1.350 1.9590E-08
  0.40  1.346 3.0200E-09
  0.45  1.344 1.9800E-09
  0.50  1.342 1.5980E-09
  0.55  1.340 2.2910E-09
  0.60  1.339 1.1110E-08
  0.65  1.338 1.7470E-08
  0.70  1.338 4.0360E-08
  0.75  1.337 1.9410E-07
  0.80  1.335 2.0020E-07
  0.90  1.334 2.2140E-06
  1.00  1.333 8.5840E-06
  1.25  1.329 2.3100E-05
  1.50  1.327 2.1530E-04
  1.75  1.319 1.2730E-04
  2.00  1.312 1.0960E-03
  2.50  1.268 1.8330E-03
  3.00  1.381 2.6120E-01
  3.20  1.478 8.8710E-02
  3.39  1.425 2.2280E-02
  3.50  1.403 9.0780E-03
  3.75  1.373 3.4130E-03
  4.00  1.356 4.4680E-03
  4.50  1.339 1.2910E-02
  5.00  1.331 1.1990E-02
  5.50  1.303 1.1270E-02
  6.00  1.271 1.0300E-01
  6.20  1.373 8.5280E-02
  6.50  1.344 3.7790E-02
  7.20  1.316 3.1070E-02
  7.90  1.298 3.3040E-02
  8.20  1.292 3.4480E-02
  8.50  1.286 3.6260E-02
  8.70  1.286 3.7570E-02
  9.00  1.278 3.9410E-02
  9.20  1.270 4.0870E-02
  9.50  1.257 4.3310E-02
  9.80  1.243 4.6580E-02
 10.00  1.231 4.9320E-02
 10.60  1.192 6.5200E-02
 11.00  1.166 9.3390E-02
 11.50  1.141 1.3670E-01
 12.50  1.135 2.4900E-01
 13.00  1.157 2.9320E-01
 14.00  1.218 3.5570E-01
 14.80  1.265 3.8090E-01
 15.00  1.277 3.8690E-01
 16.40  1.355 4.1310E-01
 17.20  1.401 4.1630E-01
 18.00  1.438 4.1380E-01
 18.50  1.456 4.0920E-01
 20.00  1.492 3.8310E-01
 21.30  1.502 3.7020E-01
 22.50  1.516 3.6220E-01
 25.00  1.540 3.4980E-01
 27.90  1.558 3.3640E-01
 30.00  1.560 3.2680E-01
 35.00  1.541 3.4280E-01
 40.00  1.528 4.1040E-01
