  0.25  1.373 1.8770E-03
  0.30  1.360 5.0060E-04
  0.35  1.355 3.1290E-04
  0.40  1.351 3.1290E-04
  0.45  1.349 3.1290E-04
  0.50  1.347 3.1290E-04
  0.55  1.345 3.7540E-04
  0.60  1.344 3.7540E-04
  0.65  1.343 4.3800E-04
  0.70  1.343 4.3800E-04
  0.75  1.343 5.3200E-04
  0.80  1.341 6.2580E-04
  0.90  1.340 8.1390E-04
  1.00  1.339 9.7260E-04
  1.25  1.335 1.1970E-03
  1.50  1.333 1.5950E-03
  1.75  1.323 1.1890E-03
  2.00  1.313 1.5320E-03
  2.50  1.271 2.3820E-03
  3.00  1.374 2.5640E-01
  3.20  1.475 8.7120E-02
  3.39  1.423 2.2140E-02
  3.50  1.403 9.1250E-03
  3.75  1.374 3.5310E-03
  4.00  1.358 4.6250E-03
  4.50  1.340 1.3370E-02
  5.00  1.333 1.2370E-02
  5.50  1.307 1.2000E-02
  6.00  1.274 1.0170E-01
  6.20  1.367 8.4180E-02
  6.50  1.347 3.8810E-02
  7.20  1.318 3.4470E-02
  7.90  1.288 3.5850E-02
  8.20  1.269 3.9160E-02
  8.50  1.279 4.7860E-02
  8.70  1.343 5.3670E-02
  9.00  1.343 6.0560E-02
  9.20  1.314 6.5180E-02
  9.50  1.287 5.1630E-02
  9.80  1.269 5.0850E-02
 10.00  1.256 5.3250E-02
 10.60  1.215 6.7560E-02
 11.00  1.188 9.3870E-02
 11.50  1.160 1.3610E-01
 12.50  1.154 2.4610E-01
 13.00  1.176 2.8940E-01
 14.00  1.232 3.5140E-01
 14.80  1.269 3.7750E-01
 15.00  1.279 3.8940E-01
 16.40  1.371 4.1030E-01
 17.20  1.429 4.1730E-01
 18.00  1.458 4.1060E-01
 18.50  1.468 4.0530E-01
 20.00  1.520 3.8220E-01
 21.30  1.527 3.6970E-01
 22.50  1.537 3.6190E-01
 25.00  1.553 3.5120E-01
 27.90  1.567 3.3590E-01
 30.00  1.568 3.2620E-01
 35.00  1.556 3.4000E-01
 40.00  1.540 3.9220E-01
