  0.25  1.387 4.5000E-03
  0.30  1.376 1.2000E-03
  0.35  1.371 7.5000E-04
  0.40  1.368 7.5000E-04
  0.45  1.366 7.5000E-04
  0.50  1.364 7.5000E-04
  0.55  1.363 9.0000E-04
  0.60  1.362 9.0000E-04
  0.65  1.361 1.0500E-03
  0.70  1.361 1.0500E-03
  0.75  1.360 1.2750E-03
  0.80  1.358 1.5000E-03
  0.90  1.357 1.9500E-03
  1.00  1.356 2.3270E-03
  1.25  1.351 2.8570E-03
  1.50  1.349 3.5450E-03
  1.75  1.337 2.7100E-03
  2.00  1.323 2.1350E-03
  2.50  1.285 3.2790E-03
  3.00  1.378 2.3450E-01
  3.20  1.471 7.9740E-02
  3.39  1.424 2.0730E-02
  3.50  1.407 8.7400E-03
  3.75  1.381 3.5750E-03
  4.00  1.367 4.6600E-03
  4.50  1.351 1.3340E-02
  5.00  1.344 1.2340E-02
  5.50  1.319 1.2560E-02
  6.00  1.287 9.4400E-02
  6.20  1.373 7.8850E-02
  6.50  1.357 3.8270E-02
  7.20  1.325 3.7780E-02
  7.90  1.280 3.8560E-02
  8.20  1.245 4.4830E-02
  8.50  1.281 6.3440E-02
  8.70  1.441 7.5710E-02
  9.00  1.457 8.9410E-02
  9.20  1.397 9.8270E-02
  9.50  1.349 6.1740E-02
  9.80  1.325 5.4960E-02
 10.00  1.308 5.6680E-02
 10.60  1.266 6.7790E-02
 11.00  1.238 8.9780E-02
 11.50  1.208 1.2780E-01
 12.50  1.198 2.2810E-01
 13.00  1.217 2.6750E-01
 14.00  1.262 3.2550E-01
 14.80  1.285 3.5160E-01
 15.00  1.292 3.7170E-01
 16.40  1.407 3.8700E-01
 17.20  1.490 4.0100E-01
 18.00  1.507 3.8910E-01
 18.50  1.504 3.8340E-01
 20.00  1.576 3.6710E-01
 21.30  1.576 3.5670E-01
 22.50  1.580 3.5050E-01
 25.00  1.583 3.4460E-01
 27.90  1.593 3.3170E-01
 30.00  1.591 3.2380E-01
 35.00  1.590 3.4560E-01
 40.00  1.570 4.0220E-01
