  0.25  1.381 6.6330E-07
  0.30  1.369 2.6760E-07
  0.35  1.364 4.6760E-08
  0.40  1.359 5.4280E-09
  0.45  1.358 3.9720E-09
  0.50  1.356 2.8390E-09
  0.55  1.354 2.9800E-09
  0.60  1.352 1.1550E-08
  0.65  1.351 1.9700E-08
  0.70  1.351 5.4610E-08
  0.75  1.350 2.7320E-07
  0.80  1.348 3.5640E-07
  0.90  1.347 5.8010E-06
  1.00  1.345 2.0400E-05
  1.25  1.342 5.3000E-05
  1.50  1.339 2.4690E-04
  1.75  1.330 1.8390E-04
  2.00  1.324 1.0870E-03
  2.50  1.282 2.0270E-03
  3.00  1.401 2.3880E-01
  3.20  1.480 8.1060E-02
  3.39  1.430 2.0470E-02
  3.50  1.410 8.4110E-03
  3.75  1.382 3.2340E-03
  4.00  1.367 4.1940E-03
  4.50  1.352 1.1880E-02
  5.00  1.343 1.1140E-02
  5.50  1.313 1.0590E-02
  6.00  1.283 9.4830E-02
  6.20  1.393 7.9630E-02
  6.50  1.354 3.4860E-02
  7.20  1.326 2.8920E-02
  7.90  1.307 3.1250E-02
  8.20  1.303 3.3190E-02
  8.50  1.304 3.5340E-02
  8.70  1.314 3.6900E-02
  9.00  1.311 3.8390E-02
  9.20  1.300 3.9560E-02
  9.50  1.286 4.1050E-02
  9.80  1.271 4.3850E-02
 10.00  1.259 4.6260E-02
 10.60  1.220 6.0630E-02
 11.00  1.194 8.6300E-02
 11.50  1.171 1.2580E-01
 12.50  1.161 2.2820E-01
 13.00  1.179 2.6860E-01
 14.00  1.235 3.2600E-01
 14.80  1.280 3.4960E-01
 15.00  1.293 3.5550E-01
 16.40  1.373 3.8430E-01
 17.20  1.431 3.8980E-01
 18.00  1.468 3.8850E-01
 18.50  1.484 3.8470E-01
 20.00  1.516 3.6240E-01
 21.30  1.525 3.5190E-01
 22.50  1.538 3.4590E-01
 25.00  1.560 3.3690E-01
 27.90  1.577 3.3090E-01
 30.00  1.579 3.2440E-01
 35.00  1.561 3.5680E-01
 40.00  1.547 4.6300E-01
