  0.25  1.530 3.0000E-02
  0.30  1.530 8.0000E-03
  0.35  1.530 8.0000E-03
  0.40  1.530 8.0000E-03
  0.45  1.530 8.0000E-03
  0.50  1.530 8.0000E-03
  0.55  1.530 8.0000E-03
  0.60  1.530 8.0000E-03
  0.65  1.530 8.0000E-03
  0.70  1.530 8.0000E-03
  0.75  1.530 8.0000E-03
  0.80  1.520 8.0000E-03
  0.90  1.520 8.0000E-03
  1.00  1.520 8.0000E-03
  1.25  1.460 8.0000E-03
  1.50  1.410 8.0000E-03
  1.75  1.340 8.0000E-03
  2.00  1.260 8.0000E-03
  2.50  1.180 9.0000E-03
  3.00  1.160 1.2000E-02
  3.20  1.220 1.0000E-02
  3.39  1.258 1.2850E-02
  3.50  1.280 1.1000E-02
  3.75  1.270 1.1000E-02
  4.00  1.260 1.2000E-02
  4.50  1.260 1.4000E-02
  5.00  1.250 1.6000E-02
  5.50  1.220 2.1000E-02
  6.00  1.150 3.7000E-02
  6.20  1.140 3.9000E-02
  6.50  1.130 4.2000E-02
  7.20  1.400 5.5000E-02
  7.90  1.150 4.0000E-02
  8.20  1.130 7.4200E-02
  8.50  1.300 9.0000E-02
  8.70  1.400 1.0000E-01
  9.00  1.700 1.4000E-01
  9.20  1.720 1.5000E-01
  9.50  1.730 1.6200E-01
  9.80  1.740 1.6200E-01
 10.00  1.750 1.6200E-01
 10.60  1.620 1.2000E-01
 11.00  1.620 1.0500E-01
 11.50  1.590 1.0000E-01
 12.50  1.510 9.0000E-02
 13.00  1.470 1.0000E-01
 14.00  1.520 8.5000E-02
 14.80  1.570 1.0000E-01
 15.00  1.570 1.0000E-01
 16.40  1.600 1.0000E-01
 17.20  1.630 1.0000E-01
 18.00  1.640 1.1500E-01
 18.50  1.640 1.2000E-01
 20.00  1.680 2.2000E-01
 21.30  1.770 2.8000E-01
 22.50  1.900 2.8000E-01
 25.00  1.970 2.4000E-01
 27.90  1.890 3.2000E-01
 30.00  1.800 4.2000E-01
 35.00  1.900 5.0000E-01
 40.00  2.100 6.0000E-01
