  0.25  1.400 6.7830E-03
  0.30  1.390 1.8090E-03
  0.35  1.385 1.1300E-03
  0.40  1.382 1.1300E-03
  0.45  1.381 1.1300E-03
  0.50  1.379 1.1300E-03
  0.55  1.378 1.3570E-03
  0.60  1.377 1.3570E-03
  0.65  1.376 1.5830E-03
  0.70  1.376 1.5830E-03
  0.75  1.375 1.9220E-03
  0.80  1.372 2.2610E-03
  0.90  1.371 2.9390E-03
  1.00  1.371 3.5070E-03
  1.25  1.365 4.3020E-03
  1.50  1.364 5.2420E-03
  1.75  1.348 4.0340E-03
  2.00  1.332 2.6600E-03
  2.50  1.297 4.0600E-03
  3.00  1.382 2.1550E-01
  3.20  1.467 7.3320E-02
  3.39  1.425 1.9510E-02
  3.50  1.411 8.4050E-03
  3.75  1.388 3.6130E-03
  4.00  1.375 4.6900E-03
  4.50  1.361 1.3310E-02
  5.00  1.353 1.2310E-02
  5.50  1.330 1.3050E-02
  6.00  1.298 8.8010E-02
  6.20  1.378 7.4210E-02
  6.50  1.366 3.7800E-02
  7.20  1.332 4.0670E-02
  7.90  1.273 4.0930E-02
  8.20  1.224 4.9770E-02
  8.50  1.283 7.7010E-02
  8.70  1.527 9.4900E-02
  9.00  1.555 1.1450E-01
  9.20  1.469 1.2710E-01
  9.50  1.403 7.0540E-02
  9.80  1.374 5.8550E-02
 10.00  1.354 5.9660E-02
 10.60  1.310 6.7990E-02
 11.00  1.281 8.6220E-02
 11.50  1.249 1.2050E-01
 12.50  1.235 2.1240E-01
 13.00  1.253 2.4850E-01
 14.00  1.289 3.0290E-01
 14.80  1.299 3.2910E-01
 15.00  1.304 3.5630E-01
 16.40  1.437 3.6660E-01
 17.20  1.543 3.8670E-01
 18.00  1.549 3.7040E-01
 18.50  1.535 3.6430E-01
 20.00  1.625 3.5390E-01
 21.30  1.620 3.4530E-01
 22.50  1.618 3.4060E-01
 25.00  1.610 3.3880E-01
 27.90  1.615 3.2790E-01
 30.00  1.612 3.2170E-01
 35.00  1.620 3.5050E-01
 40.00  1.596 4.1100E-01
