  0.25  1.363 7.9530E-08
  0.30  1.350 3.4390E-08
  0.35  1.345 9.4420E-09
  0.40  1.340 2.1210E-09
  0.45  1.339 1.2360E-09
  0.50  1.337 1.1340E-09
  0.55  1.335 2.0350E-09
  0.60  1.333 1.0950E-08
  0.65  1.332 1.6640E-08
  0.70  1.332 3.5040E-08
  0.75  1.331 1.6460E-07
  0.80  1.330 1.4190E-07
  0.90  1.329 8.7440E-07
  1.00  1.328 4.1700E-06
  1.25  1.324 1.1940E-05
  1.50  1.322 2.0340E-04
  1.75  1.314 1.0610E-04
  2.00  1.307 1.0990E-03
  2.50  1.263 1.7610E-03
  3.00  1.373 2.6960E-01
  3.20  1.478 9.1570E-02
  3.39  1.423 2.2950E-02
  3.50  1.401 9.3280E-03
  3.75  1.370 3.4810E-03
  4.00  1.352 4.5700E-03
  4.50  1.333 1.3290E-02
  5.00  1.326 1.2310E-02
  5.50  1.299 1.1530E-02
  6.00  1.266 1.0610E-01
  6.20  1.365 8.7390E-02
  6.50  1.340 3.8880E-02
  7.20  1.313 3.1870E-02
  7.90  1.295 3.3710E-02
  8.20  1.287 3.4960E-02
  8.50  1.280 3.6600E-02
  8.70  1.275 3.7830E-02
  9.00  1.266 3.9790E-02
  9.20  1.258 4.1360E-02
  9.50  1.246 4.4160E-02
  9.80  1.232 4.7600E-02
 10.00  1.221 5.0470E-02
 10.60  1.182 6.6910E-02
 11.00  1.156 9.6030E-02
 11.50  1.129 1.4080E-01
 12.50  1.126 2.5670E-01
 13.00  1.148 3.0230E-01
 14.00  1.212 3.6680E-01
 14.80  1.260 3.9260E-01
 15.00  1.272 3.9860E-01
 16.40  1.348 4.2390E-01
 17.20  1.389 4.2610E-01
 18.00  1.426 4.2330E-01
 18.50  1.446 4.1830E-01
 20.00  1.483 3.9080E-01
 21.30  1.493 3.7700E-01
 22.50  1.508 3.6820E-01
 25.00  1.533 3.5460E-01
 27.90  1.551 3.3840E-01
 30.00  1.553 3.2770E-01
 35.00  1.534 3.3750E-01
 40.00  1.521 3.9070E-01
