  0.25  1.372 3.1500E-08
  0.30  1.359 1.5490E-08
  0.35  1.352 6.7980E-09
  0.40  1.348 2.5530E-09
  0.45  1.345 1.7840E-09
  0.50  1.343 1.7660E-09
  0.55  1.341 2.6440E-09
  0.60  1.340 1.1220E-08
  0.65  1.339 1.6430E-08
  0.70  1.339 3.2390E-08
  0.75  1.338 1.4880E-07
  0.80  1.337 1.2170E-07
  0.90  1.336 4.6630E-07
  1.00  1.335 2.7740E-06
  1.25  1.331 8.5500E-06
  1.50  1.328 1.9320E-04
  1.75  1.320 1.2690E-04
  2.00  1.313 1.1140E-03
  2.50  1.268 1.9120E-03
  3.00  1.364 2.5700E-01
  3.20  1.464 9.6030E-02
  3.39  1.417 3.4610E-02
  3.50  1.398 2.2050E-02
  3.75  1.371 1.4350E-02
  4.00  1.354 1.4930E-02
  4.50  1.337 2.2470E-02
  5.00  1.328 2.1640E-02
  5.50  1.301 2.6190E-02
  6.00  1.279 1.1450E-01
  6.20  1.368 9.4550E-02
  6.50  1.342 4.6760E-02
  7.20  1.303 4.4350E-02
  7.90  1.281 7.2550E-02
  8.20  1.279 8.7010E-02
  8.50  1.286 9.7830E-02
  8.70  1.294 1.0040E-01
  9.00  1.295 9.0380E-02
  9.20  1.284 8.7840E-02
  9.50  1.279 1.0450E-01
  9.80  1.287 1.0170E-01
 10.00  1.275 8.5200E-02
 10.60  1.225 9.0600E-02
 11.00  1.197 1.2980E-01
 11.50  1.191 1.6170E-01
 12.50  1.176 2.5380E-01
 13.00  1.192 2.9560E-01
 14.00  1.247 3.5510E-01
 14.80  1.288 3.7970E-01
 15.00  1.297 3.8570E-01
 16.40  1.361 4.2590E-01
 17.20  1.415 4.4270E-01
 18.00  1.468 3.9320E-01
 18.50  1.484 3.8770E-01
 20.00  1.509 3.6160E-01
 21.30  1.516 3.7160E-01
 22.50  1.537 3.4120E-01
 25.00  1.565 3.4270E-01
 27.90  1.581 3.2550E-01
 30.00  1.582 3.1540E-01
 35.00  1.563 3.2360E-01
 40.00  1.551 3.7100E-01
