  0.25  1.365 1.2170E-07
  0.30  1.352 5.1240E-08
  0.35  1.346 1.2140E-08
  0.40  1.342 2.3600E-09
  0.45  1.340 1.4340E-09
  0.50  1.338 1.2580E-09
  0.55  1.336 2.1030E-09
  0.60  1.335 1.0990E-08
  0.65  1.334 1.6860E-08
  0.70  1.334 3.6460E-08
  0.75  1.333 1.7240E-07
  0.80  1.332 1.5740E-07
  0.90  1.331 1.2310E-06
  1.00  1.330 5.3430E-06
  1.25  1.326 1.4900E-05
  1.50  1.323 2.0660E-04
  1.75  1.315 1.1180E-04
  2.00  1.309 1.0980E-03
  2.50  1.264 1.7800E-03
  3.00  1.375 2.6730E-01
  3.20  1.478 9.0810E-02
  3.39  1.424 2.2770E-02
  3.50  1.401 9.2610E-03
  3.75  1.371 3.4630E-03
  4.00  1.353 4.5430E-03
  4.50  1.335 1.3190E-02
  5.00  1.328 1.2220E-02
  5.50  1.300 1.1460E-02
  6.00  1.268 1.0530E-01
  6.20  1.367 8.6830E-02
  6.50  1.341 3.8590E-02
  7.20  1.314 3.1650E-02
  7.90  1.296 3.3530E-02
  8.20  1.288 3.4830E-02
  8.50  1.282 3.6510E-02
  8.70  1.278 3.7760E-02
  9.00  1.269 3.9690E-02
  9.20  1.261 4.1230E-02
  9.50  1.249 4.3930E-02
  9.80  1.235 4.7330E-02
 10.00  1.224 5.0160E-02
 10.60  1.185 6.6450E-02
 11.00  1.159 9.5330E-02
 11.50  1.132 1.3970E-01
 12.50  1.128 2.5470E-01
 13.00  1.151 2.9990E-01
 14.00  1.214 3.6380E-01
 14.80  1.261 3.8950E-01
 15.00  1.273 3.9550E-01
 16.40  1.350 4.2100E-01
 17.20  1.392 4.2350E-01
 18.00  1.429 4.2070E-01
 18.50  1.449 4.1590E-01
 20.00  1.485 3.8870E-01
 21.30  1.496 3.7520E-01
 22.50  1.511 3.6660E-01
 25.00  1.535 3.5330E-01
 27.90  1.553 3.3790E-01
 30.00  1.555 3.2750E-01
 35.00  1.536 3.3890E-01
 40.00  1.523 3.9590E-01
