  0.25  1.373 4.0280E-07
  0.30  1.361 1.6350E-07
  0.35  1.355 3.0110E-08
  0.40  1.351 3.9530E-09
  0.45  1.349 2.7510E-09
  0.50  1.347 2.0780E-09
  0.55  1.345 2.5580E-09
  0.60  1.344 1.1280E-08
  0.65  1.343 1.8330E-08
  0.70  1.343 4.5880E-08
  0.75  1.342 2.2470E-07
  0.80  1.340 2.6070E-07
  0.90  1.339 3.6030E-06
  1.00  1.338 1.3160E-05
  1.25  1.334 3.4680E-05
  1.50  1.331 2.2750E-04
  1.75  1.323 1.4920E-04
  2.00  1.317 1.0930E-03
  2.50  1.274 1.9080E-03
  3.00  1.389 2.5250E-01
  3.20  1.479 8.5750E-02
  3.39  1.427 2.1580E-02
  3.50  1.406 8.8200E-03
  3.75  1.377 3.3440E-03
  4.00  1.361 4.3620E-03
  4.50  1.344 1.2510E-02
  5.00  1.336 1.1660E-02
  5.50  1.307 1.1010E-02
  6.00  1.276 9.9860E-02
  6.20  1.381 8.3090E-02
  6.50  1.348 3.6660E-02
  7.20  1.320 3.0230E-02
  7.90  1.302 3.2350E-02
  8.20  1.296 3.3980E-02
  8.50  1.293 3.5900E-02
  8.70  1.296 3.7310E-02
  9.00  1.291 3.9020E-02
  9.20  1.281 4.0360E-02
  9.50  1.268 4.2440E-02
  9.80  1.254 4.5530E-02
 10.00  1.242 4.8140E-02
 10.60  1.203 6.3430E-02
 11.00  1.177 9.0640E-02
 11.50  1.152 1.3250E-01
 12.50  1.145 2.4090E-01
 13.00  1.166 2.8370E-01
 14.00  1.225 3.4420E-01
 14.80  1.271 3.6880E-01
 15.00  1.283 3.7470E-01
 16.40  1.362 4.0190E-01
 17.20  1.412 4.0600E-01
 18.00  1.450 4.0400E-01
 18.50  1.467 3.9970E-01
 20.00  1.501 3.7510E-01
 21.30  1.511 3.6310E-01
 22.50  1.525 3.5590E-01
 25.00  1.548 3.4480E-01
 27.90  1.565 3.3420E-01
 30.00  1.567 3.2590E-01
 35.00  1.549 3.4820E-01
 40.00  1.535 4.3070E-01
