  0.25  1.530 3.0000E-02
  0.30  1.530 8.0000E-03
  0.35  1.530 5.0000E-03
  0.40  1.530 5.0000E-03
  0.45  1.530 5.0000E-03
  0.50  1.530 5.0000E-03
  0.55  1.530 6.0000E-03
  0.60  1.530 6.0000E-03
  0.65  1.530 7.0000E-03
  0.70  1.530 7.0000E-03
  0.75  1.530 8.5000E-03
  0.80  1.520 1.0000E-02
  0.90  1.520 1.3000E-02
  1.00  1.520 1.5500E-02
  1.25  1.510 1.9000E-02
  1.50  1.510 2.2500E-02
  1.75  1.470 1.7500E-02
  2.00  1.420 8.0000E-03
  2.50  1.420 1.2000E-02
  3.00  1.420 2.2000E-02
  3.20  1.430 8.0000E-03
  3.39  1.430 7.0500E-03
  3.50  1.450 5.0000E-03
  3.75  1.452 4.0000E-03
  4.00  1.455 5.0000E-03
  4.50  1.460 1.3000E-02
  5.00  1.450 1.2000E-02
  5.50  1.440 1.8000E-02
  6.00  1.410 2.3000E-02
  6.20  1.430 2.7000E-02
  6.50  1.460 3.3000E-02
  7.20  1.400 7.0000E-02
  7.90  1.200 6.5000E-02
  8.20  1.010 1.0000E-01
  8.50  1.300 2.1500E-01
  8.70  2.400 2.9000E-01
  9.00  2.560 3.7000E-01
  9.20  2.200 4.2000E-01
  9.50  1.950 1.6000E-01
  9.80  1.870 9.5000E-02
 10.00  1.820 9.0000E-02
 10.60  1.760 7.0000E-02
 11.00  1.720 5.0000E-02
 11.50  1.670 4.7000E-02
 12.50  1.620 5.3000E-02
 13.00  1.620 5.5000E-02
 14.00  1.560 7.3000E-02
 14.80  1.440 1.0000E-01
 15.00  1.420 2.0000E-01
 16.40  1.750 1.6000E-01
 17.20  2.080 2.4200E-01
 18.00  1.980 1.8000E-01
 18.50  1.850 1.7000E-01
 20.00  2.120 2.2000E-01
 21.30  2.060 2.3000E-01
 22.50  2.000 2.4000E-01
 25.00  1.880 2.8000E-01
 27.90  1.840 2.9000E-01
 30.00  1.820 3.0000E-01
 35.00  1.920 4.0000E-01
 40.00  1.860 5.0000E-01
