  0.25  1.398 1.2290E-06
  0.30  1.388 4.9350E-07
  0.35  1.383 8.2910E-08
  0.40  1.378 8.6320E-09
  0.45  1.376 6.6230E-09
  0.50  1.375 4.4900E-09
  0.55  1.373 3.8950E-09
  0.60  1.370 1.2130E-08
  0.65  1.369 2.2660E-08
  0.70  1.369 7.3570E-08
  0.75  1.369 3.7840E-07
  0.80  1.365 5.6420E-07
  0.90  1.365 1.0570E-05
  1.00  1.361 3.6130E-05
  1.25  1.358 9.2770E-05
  1.50  1.354 2.8900E-04
  1.75  1.346 2.5930E-04
  2.00  1.341 1.0760E-03
  2.50  1.302 2.2840E-03
  3.00  1.429 2.0890E-01
  3.20  1.481 7.0880E-02
  3.39  1.437 1.8070E-02
  3.50  1.419 7.5230E-03
  3.75  1.393 2.9950E-03
  4.00  1.382 3.8300E-03
  4.50  1.370 1.0510E-02
  5.00  1.360 1.0020E-02
  5.50  1.327 9.6750E-03
  6.00  1.300 8.3900E-02
  6.20  1.420 7.2120E-02
  6.50  1.368 3.0970E-02
  7.20  1.338 2.6060E-02
  7.90  1.320 2.8870E-02
  8.20  1.318 3.1470E-02
  8.50  1.327 3.4120E-02
  8.70  1.351 3.6000E-02
  9.00  1.355 3.7040E-02
  9.20  1.340 3.7820E-02
  9.50  1.324 3.8050E-02
  9.80  1.309 4.0220E-02
 10.00  1.295 4.2180E-02
 10.60  1.256 5.4550E-02
 11.00  1.232 7.6870E-02
 11.50  1.211 1.1120E-01
 12.50  1.194 2.0050E-01
 13.00  1.210 2.3590E-01
 14.00  1.258 2.8650E-01
 14.80  1.299 3.0790E-01
 15.00  1.313 3.1370E-01
 16.40  1.398 3.4590E-01
 17.20  1.471 3.5460E-01
 18.00  1.509 3.5480E-01
 18.50  1.522 3.5220E-01
 20.00  1.547 3.3500E-01
 21.30  1.556 3.2750E-01
 22.50  1.567 3.2430E-01
 25.00  1.586 3.1970E-01
 27.90  1.602 3.2360E-01
 30.00  1.604 3.2130E-01
 35.00  1.587 3.7550E-01
 40.00  1.572 5.3300E-01
