  0.25  1.484 1.0000E-08
  0.30  1.469 1.0000E-08
  0.35  1.452 1.0000E-08
  0.40  1.440 1.0000E-08
  0.45  1.432 1.0000E-08
  0.50  1.431 1.0000E-08
  0.55  1.430 1.0000E-08
  0.60  1.429 1.4700E-08
  0.65  1.429 1.6700E-08
  0.70  1.428 2.0500E-08
  0.75  1.427 7.1700E-08
  0.80  1.426 8.6300E-08
  0.90  1.425 2.5500E-07
  1.00  1.422 1.5300E-06
  1.25  1.413 6.9400E-06
  1.50  1.403 1.2000E-04
  1.75  1.394 4.1600E-04
  2.00  1.384 1.2600E-03
  2.50  1.344 3.7600E-03
  3.00  1.293 9.5500E-02
  3.20  1.311 1.3500E-01
  3.39  1.350 1.5780E-01
  3.50  1.376 1.5800E-01
  3.75  1.396 1.3100E-01
  4.00  1.385 1.2600E-01
  4.50  1.385 1.2000E-01
  5.00  1.360 1.2100E-01
  5.50  1.337 1.8300E-01
  6.00  1.425 1.9500E-01
  6.20  1.424 1.6500E-01
  6.50  1.370 1.2800E-01
  7.20  1.210 1.7600E-01
  7.90  1.140 4.8800E-01
  8.20  1.200 6.4500E-01
  8.50  1.370 7.5500E-01
  8.70  1.530 7.7200E-01
  9.00  1.650 6.3300E-01
  9.20  1.600 5.8600E-01
  9.50  1.670 7.5000E-01
  9.80  1.910 6.8000E-01
 10.00  1.890 4.5500E-01
 10.60  1.720 3.4000E-01
 11.00  1.670 4.8500E-01
 11.50  1.890 3.7400E-01
 12.50  1.740 1.9800E-01
 13.00  1.690 1.9500E-01
 14.00  1.640 1.9500E-01
 14.80  1.610 2.0500E-01
 15.00  1.590 2.1100E-01
 16.40  1.520 4.1400E-01
 17.20  1.724 5.9000E-01
 18.00  1.950 4.1000E-02
 18.50  1.927 3.0250E-02
 20.00  1.823 2.3520E-02
 21.30  1.780 2.9250E-01
 22.50  1.870 3.1500E-02
 25.00  1.930 2.0000E-01
 27.90  1.920 1.8000E-01
 30.00  1.920 1.8000E-01
 35.00  1.900 1.9000E-01
 40.00  1.890 2.2000E-01
