  0.25  1.394 2.7410E-08
  0.30  1.380 1.4440E-08
  0.35  1.371 7.4070E-09
  0.40  1.365 3.9700E-09
  0.45  1.362 3.3480E-09
  0.50  1.360 3.3330E-09
  0.55  1.358 4.0440E-09
  0.60  1.357 1.1890E-08
  0.65  1.356 1.6480E-08
  0.70  1.356 3.0130E-08
  0.75  1.355 1.3410E-07
  0.80  1.354 1.1500E-07
  0.90  1.353 4.2610E-07
  1.00  1.352 2.5370E-06
  1.25  1.346 8.2440E-06
  1.50  1.342 1.7930E-04
  1.75  1.334 1.8190E-04
  2.00  1.326 1.1410E-03
  2.50  1.283 2.2640E-03
  3.00  1.351 2.2620E-01
  3.20  1.435 1.0340E-01
  3.39  1.404 5.8050E-02
  3.50  1.394 4.7920E-02
  3.75  1.376 3.6550E-02
  4.00  1.360 3.6070E-02
  4.50  1.346 4.1030E-02
  5.00  1.334 4.0550E-02
  5.50  1.308 5.6030E-02
  6.00  1.306 1.2980E-01
  6.20  1.379 1.0800E-01
  6.50  1.347 6.2220E-02
  7.20  1.286 6.9400E-02
  7.90  1.254 1.5160E-01
  8.20  1.264 1.9320E-01
  8.50  1.302 2.2290E-01
  8.70  1.339 2.2820E-01
  9.00  1.363 1.9360E-01
  9.20  1.344 1.8260E-01
  9.50  1.354 2.2730E-01
  9.80  1.406 2.1180E-01
 10.00  1.392 1.5560E-01
 10.60  1.319 1.3810E-01
 11.00  1.287 1.9740E-01
 11.50  1.324 2.0210E-01
 12.50  1.283 2.4320E-01
 13.00  1.287 2.7650E-01
 14.00  1.321 3.2460E-01
 14.80  1.349 3.4650E-01
 15.00  1.353 3.5250E-01
 16.40  1.391 4.2360E-01
 17.20  1.474 4.7070E-01
 18.00  1.560 3.2620E-01
 18.50  1.568 3.1970E-01
 20.00  1.569 2.9720E-01
 21.30  1.566 3.5660E-01
 22.50  1.600 2.8230E-01
 25.00  1.634 3.1560E-01
 27.90  1.645 2.9780E-01
 30.00  1.647 2.8960E-01
 35.00  1.627 2.9820E-01
 40.00  1.615 3.4220E-01
