  0.25  1.365 3.2860E-08
  0.30  1.352 1.5840E-08
  0.35  1.346 6.5950E-09
  0.40  1.342 2.0820E-09
  0.45  1.340 1.2650E-09
  0.50  1.338 1.2450E-09
  0.55  1.336 2.1790E-09
  0.60  1.335 1.1000E-08
  0.65  1.334 1.6410E-08
  0.70  1.334 3.3150E-08
  0.75  1.333 1.5370E-07
  0.80  1.332 1.2390E-07
  0.90  1.331 4.7970E-07
  1.00  1.330 2.8530E-06
  1.25  1.325 8.6520E-06
  1.50  1.323 1.9780E-04
  1.75  1.315 1.0860E-04
  2.00  1.308 1.1040E-03
  2.50  1.263 1.7950E-03
  3.00  1.369 2.6720E-01
  3.20  1.473 9.3560E-02
  3.39  1.421 2.6810E-02
  3.50  1.399 1.3450E-02
  3.75  1.370 6.9720E-03
  4.00  1.352 7.9060E-03
  4.50  1.333 1.6300E-02
  5.00  1.326 1.5360E-02
  5.50  1.299 1.6270E-02
  6.00  1.269 1.0940E-01
  6.20  1.365 9.0100E-02
  6.50  1.340 4.1620E-02
  7.20  1.309 3.6020E-02
  7.90  1.290 4.6270E-02
  8.20  1.284 5.1710E-02
  8.50  1.281 5.6260E-02
  8.70  1.279 5.7890E-02
  9.00  1.273 5.6050E-02
  9.20  1.264 5.6330E-02
  9.50  1.255 6.3620E-02
  9.80  1.248 6.5110E-02
 10.00  1.236 6.1810E-02
 10.60  1.194 7.4820E-02
 11.00  1.167 1.0740E-01
 11.50  1.147 1.4830E-01
 12.50  1.140 2.5730E-01
 13.00  1.161 3.0200E-01
 14.00  1.222 3.6520E-01
 14.80  1.268 3.9080E-01
 15.00  1.279 3.9680E-01
 16.40  1.351 4.2660E-01
 17.20  1.395 4.3340E-01
 18.00  1.437 4.1550E-01
 18.50  1.456 4.1040E-01
 20.00  1.489 3.8290E-01
 21.30  1.499 3.7660E-01
 22.50  1.516 3.6080E-01
 25.00  1.542 3.5180E-01
 27.90  1.559 3.3470E-01
 30.00  1.561 3.2400E-01
 35.00  1.542 3.3200E-01
 40.00  1.529 3.8050E-01
