  0.25  1.379 3.0290E-08
  0.30  1.365 1.5180E-08
  0.35  1.358 6.9780E-09
  0.40  1.353 2.9710E-09
  0.45  1.350 2.2450E-09
  0.50  1.348 2.2280E-09
  0.55  1.346 3.0570E-09
  0.60  1.345 1.1420E-08
  0.65  1.344 1.6440E-08
  0.70  1.344 3.1730E-08
  0.75  1.343 1.4450E-07
  0.80  1.342 1.1970E-07
  0.90  1.341 4.5450E-07
  1.00  1.340 2.7040E-06
  1.25  1.335 8.4600E-06
  1.50  1.332 1.8910E-04
  1.75  1.324 1.4310E-04
  2.00  1.317 1.1220E-03
  2.50  1.272 2.0160E-03
  3.00  1.360 2.4790E-01
  3.20  1.455 9.8210E-02
  3.39  1.413 4.1520E-02
  3.50  1.397 2.9680E-02
  3.75  1.373 2.0900E-02
  4.00  1.356 2.1160E-02
  4.50  1.339 2.7940E-02
  5.00  1.330 2.7220E-02
  5.50  1.303 3.4990E-02
  6.00  1.287 1.1900E-01
  6.20  1.371 9.8510E-02
  6.50  1.343 5.1320E-02
  7.20  1.298 5.1730E-02
  7.90  1.273 9.5860E-02
  8.20  1.274 1.1830E-01
  8.50  1.291 1.3470E-01
  8.70  1.307 1.3810E-01
  9.00  1.315 1.2080E-01
  9.20  1.302 1.1580E-01
  9.50  1.301 1.4070E-01
  9.80  1.322 1.3410E-01
 10.00  1.310 1.0600E-01
 10.60  1.253 1.0460E-01
 11.00  1.224 1.4980E-01
 11.50  1.230 1.7370E-01
 12.50  1.207 2.5070E-01
 13.00  1.220 2.9000E-01
 14.00  1.269 3.4610E-01
 14.80  1.306 3.6990E-01
 15.00  1.314 3.7590E-01
 16.40  1.370 4.2520E-01
 17.20  1.432 4.5100E-01
 18.00  1.495 3.7350E-01
 18.50  1.509 3.6770E-01
 20.00  1.527 3.4260E-01
 21.30  1.530 3.6720E-01
 22.50  1.556 3.2380E-01
 25.00  1.585 3.3470E-01
 27.90  1.600 3.1730E-01
 30.00  1.601 3.0780E-01
 35.00  1.582 3.1610E-01
 40.00  1.570 3.6250E-01
