  0.25  1.530 3.0000E-02
  0.30  1.530 2.5000E-02
  0.35  1.530 1.7000E-02
  0.40  1.530 1.3000E-02
  0.45  1.530 8.5000E-03
  0.50  1.530 7.8000E-03
  0.55  1.530 5.5000E-03
  0.60  1.530 4.5000E-03
  0.65  1.530 4.5000E-03
  0.70  1.530 4.0000E-03
  0.75  1.530 4.0000E-03
  0.80  1.530 4.0000E-03
  0.90  1.530 4.0000E-03
  1.00  1.530 4.0000E-03
  1.25  1.530 5.0000E-03
  1.50  1.530 5.7000E-03
  1.75  1.530 6.4000E-03
  2.00  1.530 7.6000E-03
  2.50  1.520 1.4000E-02
  3.00  1.520 3.9000E-02
  3.20  1.510 2.4000E-02
  3.39  1.510 1.9250E-02
  3.50  1.510 1.8000E-02
  3.75  1.500 1.2000E-02
  4.00  1.500 6.7000E-03
  4.50  1.500 8.7000E-03
  5.00  1.480 1.8000E-02
  5.50  1.460 3.6000E-02
  6.00  1.440 5.5000E-02
  6.20  1.430 6.3000E-02
  6.50  1.420 5.2000E-02
  7.20  1.460 1.3000E-01
  7.90  1.220 8.9000E-02
  8.20  1.120 1.2000E-01
  8.50  1.060 2.1000E-01
  8.70  1.190 2.9000E-01
  9.00  1.850 4.4000E-01
  9.20  2.220 5.4000E-01
  9.50  2.940 6.5000E-01
  9.80  2.910 6.5000E-01
 10.00  2.570 5.0000E-01
 10.60  1.910 2.5000E-01
 11.00  1.830 2.0000E-01
 11.50  1.810 3.5000E-01
 12.50  1.740 5.0000E-01
 13.00  2.000 3.5000E-01
 14.00  1.630 2.2000E-01
 14.80  1.540 2.4000E-01
 15.00  1.510 2.6000E-01
 16.40  1.470 3.2000E-01
 17.20  1.490 3.7000E-01
 18.00  1.770 4.7000E-01
 18.50  2.050 5.7000E-01
 20.00  2.200 8.2000E-01
 21.30  2.390 9.4000E-01
 22.50  2.690 1.0000E+00
 25.00  2.990 8.0000E-01
 27.90  2.570 7.8000E-01
 30.00  2.420 6.7000E-01
 35.00  2.420 6.2000E-01
 40.00  2.340 7.0000E-01
