  0.25  1.620 4.5000E-01
  0.30  1.740 4.7000E-01
  0.35  1.750 4.6500E-01
  0.40  1.750 4.6000E-01
  0.45  1.750 4.5500E-01
  0.50  1.750 4.5000E-01
  0.55  1.750 4.4000E-01
  0.60  1.750 4.3500E-01
  0.65  1.750 4.3500E-01
  0.70  1.750 4.3000E-01
  0.75  1.750 4.3000E-01
  0.80  1.750 4.3000E-01
  0.90  1.750 4.3500E-01
  1.00  1.760 4.4000E-01
  1.25  1.760 4.5000E-01
  1.50  1.770 4.6000E-01
  1.75  1.790 4.8000E-01
  2.00  1.800 4.9000E-01
  2.50  1.820 5.1000E-01
  3.00  1.840 5.4000E-01
  3.20  1.860 5.4000E-01
  3.39  1.870 5.4950E-01
  3.50  1.880 5.6000E-01
  3.75  1.900 5.7000E-01
  4.00  1.920 5.8000E-01
  4.50  1.940 5.9000E-01
  5.00  1.970 6.0000E-01
  5.50  1.990 6.1000E-01
  6.00  2.020 6.2000E-01
  6.20  2.030 6.2500E-01
  6.50  2.040 6.3000E-01
  7.20  2.060 6.5000E-01
  7.90  2.120 6.7000E-01
  8.20  2.130 6.8000E-01
  8.50  2.150 6.9000E-01
  8.70  2.160 6.9000E-01
  9.00  2.170 7.0000E-01
  9.20  2.180 7.0000E-01
  9.50  2.190 7.1000E-01
  9.80  2.200 7.1500E-01
 10.00  2.210 7.2000E-01
 10.60  2.220 7.3000E-01
 11.00  2.230 7.3000E-01
 11.50  2.240 7.4000E-01
 12.50  2.270 7.5000E-01
 13.00  2.280 7.6000E-01
 14.00  2.310 7.7500E-01
 14.80  2.330 7.9000E-01
 15.00  2.330 7.9000E-01
 16.40  2.360 8.1000E-01
 17.20  2.380 8.2000E-01
 18.00  2.400 8.2500E-01
 18.50  2.410 8.3000E-01
 20.00  2.450 8.5000E-01
 21.30  2.460 8.6000E-01
 22.50  2.480 8.7000E-01
 25.00  2.510 8.9000E-01
 27.90  2.540 9.1000E-01
 30.00  2.570 9.3000E-01
 35.00  2.630 9.7000E-01
 40.00  2.690 1.0000E+00
