  0.25  1.451 1.5890E-02
  0.30  1.445 4.2380E-03
  0.35  1.442 2.6490E-03
  0.40  1.440 2.6490E-03
  0.45  1.439 2.6490E-03
  0.50  1.438 2.6490E-03
  0.55  1.437 3.1790E-03
  0.60  1.437 3.1790E-03
  0.65  1.436 3.7090E-03
  0.70  1.436 3.7090E-03
  0.75  1.436 4.5030E-03
  0.80  1.430 5.2980E-03
  0.90  1.430 6.8870E-03
  1.00  1.429 8.2130E-03
  1.25  1.422 1.0070E-02
  1.50  1.421 1.2010E-02
  1.75  1.396 9.3180E-03
  2.00  1.366 4.7560E-03
  2.50  1.345 7.1760E-03
  3.00  1.397 1.3960E-01
  3.20  1.453 4.7690E-02
  3.39  1.427 1.4620E-02
  3.50  1.426 7.0690E-03
  3.75  1.413 3.7650E-03
  4.00  1.406 4.8120E-03
  4.50  1.400 1.3190E-02
  5.00  1.391 1.2190E-02
  5.50  1.373 1.4990E-02
  6.00  1.342 6.2500E-02
  6.20  1.398 5.5680E-02
  6.50  1.403 3.5920E-02
  7.20  1.359 5.2180E-02
  7.90  1.244 5.0380E-02
  8.20  1.140 6.9480E-02
  8.50  1.290 1.3120E-01
  8.70  1.870 1.7150E-01
  9.00  1.950 2.1480E-01
  9.20  1.756 2.4200E-01
  9.50  1.618 1.0560E-01
  9.80  1.569 7.2850E-02
 10.00  1.537 7.1570E-02
 10.60  1.487 6.8780E-02
 11.00  1.453 7.2010E-02
 11.50  1.414 9.1670E-02
 12.50  1.386 1.4990E-01
 13.00  1.397 1.7260E-01
 14.00  1.395 2.1270E-01
 14.80  1.354 2.3920E-01
 15.00  1.349 2.9500E-01
 16.40  1.560 2.8550E-01
 17.20  1.754 3.2990E-01
 18.00  1.718 2.9570E-01
 18.50  1.659 2.8800E-01
 20.00  1.819 3.0130E-01
 21.30  1.792 3.0010E-01
 22.50  1.768 3.0110E-01
 25.00  1.716 3.1570E-01
 27.90  1.703 3.1300E-01
 30.00  1.694 3.1320E-01
 35.00  1.738 3.6990E-01
 40.00  1.700 4.4590E-01
