  0.25  1.431 1.2350E-02
  0.30  1.423 3.2930E-03
  0.35  1.420 2.0580E-03
  0.40  1.418 2.0580E-03
  0.45  1.416 2.0580E-03
  0.50  1.415 2.0580E-03
  0.55  1.414 2.4700E-03
  0.60  1.413 2.4700E-03
  0.65  1.413 2.8810E-03
  0.70  1.413 2.8810E-03
  0.75  1.412 3.4990E-03
  0.80  1.408 4.1160E-03
  0.90  1.407 5.3510E-03
  1.00  1.406 6.3810E-03
  1.25  1.400 7.8250E-03
  1.50  1.399 9.3790E-03
  1.75  1.378 7.2620E-03
  2.00  1.353 3.9400E-03
  2.50  1.326 5.9630E-03
  3.00  1.391 1.6910E-01
  3.20  1.458 5.7660E-02
  3.39  1.426 1.6520E-02
  3.50  1.421 7.5890E-03
  3.75  1.403 3.7060E-03
  4.00  1.394 4.7650E-03
  4.50  1.385 1.3240E-02
  5.00  1.376 1.2240E-02
  5.50  1.356 1.4230E-02
  6.00  1.325 7.2430E-02
  6.20  1.391 6.2890E-02
  6.50  1.389 3.6650E-02
  7.20  1.348 4.7700E-02
  7.90  1.255 4.6700E-02
  8.20  1.172 6.1810E-02
  8.50  1.287 1.1010E-01
  8.70  1.736 1.4170E-01
  9.00  1.796 1.7580E-01
  9.20  1.644 1.9730E-01
  9.50  1.534 9.1980E-02
  9.80  1.493 6.7290E-02
 10.00  1.466 6.6930E-02
 10.60  1.418 6.8470E-02
 11.00  1.386 7.7540E-02
 11.50  1.350 1.0290E-01
 12.50  1.328 1.7420E-01
 13.00  1.341 2.0210E-01
 14.00  1.354 2.4780E-01
 14.80  1.333 2.7420E-01
 15.00  1.332 3.1890E-01
 16.40  1.512 3.1710E-01
 17.20  1.672 3.5200E-01
 18.00  1.652 3.2470E-01
 18.50  1.611 3.1770E-01
 20.00  1.743 3.2180E-01
 21.30  1.725 3.1770E-01
 22.50  1.709 3.1650E-01
 25.00  1.675 3.2470E-01
 27.90  1.669 3.1880E-01
 30.00  1.662 3.1650E-01
 35.00  1.692 3.6230E-01
 40.00  1.659 4.3230E-01
