  0.25  1.418 9.9760E-03
  0.30  1.409 2.6600E-03
  0.35  1.405 1.6630E-03
  0.40  1.403 1.6630E-03
  0.45  1.401 1.6630E-03
  0.50  1.400 1.6630E-03
  0.55  1.399 1.9950E-03
  0.60  1.398 1.9950E-03
  0.65  1.397 2.3280E-03
  0.70  1.397 2.3280E-03
  0.75  1.397 2.8270E-03
  0.80  1.393 3.3250E-03
  0.90  1.392 4.3230E-03
  1.00  1.391 5.1560E-03
  1.25  1.385 6.3240E-03
  1.50  1.384 7.6160E-03
  1.75  1.365 5.8860E-03
  2.00  1.344 3.3950E-03
  2.50  1.314 5.1520E-03
  3.00  1.387 1.8890E-01
  3.20  1.462 6.4330E-02
  3.39  1.425 1.7790E-02
  3.50  1.417 7.9370E-03
  3.75  1.397 3.6660E-03
  4.00  1.386 4.7330E-03
  4.50  1.375 1.3270E-02
  5.00  1.367 1.2270E-02
  5.50  1.345 1.3730E-02
  6.00  1.313 7.9070E-02
  6.20  1.385 6.7720E-02
  6.50  1.379 3.7140E-02
  7.20  1.341 4.4700E-02
  7.90  1.263 4.4240E-02
  8.20  1.194 5.6680E-02
  8.50  1.285 9.5990E-02
  8.70  1.647 1.2170E-01
  9.00  1.694 1.4970E-01
  9.20  1.569 1.6740E-01
  9.50  1.478 8.2840E-02
  9.80  1.442 6.3560E-02
 10.00  1.418 6.3840E-02
 10.60  1.372 6.8260E-02
 11.00  1.342 8.1240E-02
 11.50  1.307 1.1040E-01
 12.50  1.288 1.9050E-01
 13.00  1.304 2.2190E-01
 14.00  1.326 2.7120E-01
 14.80  1.319 2.9760E-01
 15.00  1.320 3.3480E-01
 16.40  1.480 3.3820E-01
 17.20  1.617 3.6680E-01
 18.00  1.608 3.4420E-01
 18.50  1.578 3.3750E-01
 20.00  1.693 3.3550E-01
 21.30  1.680 3.2950E-01
 22.50  1.670 3.2680E-01
 25.00  1.647 3.3070E-01
 27.90  1.646 3.2270E-01
 30.00  1.640 3.1870E-01
 35.00  1.661 3.5730E-01
 40.00  1.632 4.2320E-01
