  0.25  1.387 2.8700E-08
  0.30  1.374 1.4770E-08
  0.35  1.365 7.2150E-09
  0.40  1.360 3.5230E-09
  0.45  1.356 2.8550E-09
  0.50  1.355 2.8390E-09
  0.55  1.353 3.6030E-09
  0.60  1.352 1.1680E-08
  0.65  1.351 1.6460E-08
  0.70  1.351 3.0840E-08
  0.75  1.350 1.3880E-07
  0.80  1.349 1.1710E-07
  0.90  1.348 4.3880E-07
  1.00  1.346 2.6120E-06
  1.25  1.341 8.3400E-06
  1.50  1.338 1.8370E-04
  1.75  1.330 1.6460E-04
  2.00  1.322 1.1330E-03
  2.50  1.278 2.1530E-03
  3.00  1.355 2.3590E-01
  3.20  1.444 1.0110E-01
  3.39  1.408 5.0660E-02
  3.50  1.395 3.9760E-02
  3.75  1.375 2.9550E-02
  4.00  1.358 2.9400E-02
  4.50  1.343 3.5180E-02
  5.00  1.332 3.4590E-02
  5.50  1.306 4.6620E-02
  6.00  1.298 1.2500E-01
  6.20  1.375 1.0370E-01
  6.50  1.345 5.7340E-02
  7.20  1.291 6.1500E-02
  7.90  1.263 1.2670E-01
  8.20  1.268 1.5970E-01
  8.50  1.297 1.8350E-01
  8.70  1.325 1.8790E-01
  9.00  1.341 1.6110E-01
  9.20  1.325 1.5280E-01
  9.50  1.330 1.8860E-01
  9.80  1.368 1.7700E-01
 10.00  1.355 1.3340E-01
 10.60  1.290 1.2310E-01
 11.00  1.259 1.7610E-01
 11.50  1.282 1.8940E-01
 12.50  1.249 2.4650E-01
 13.00  1.257 2.8250E-01
 14.00  1.298 3.3420E-01
 14.80  1.330 3.5700E-01
 15.00  1.335 3.6300E-01
 16.40  1.382 4.2430E-01
 17.20  1.455 4.6190E-01
 18.00  1.531 3.4730E-01
 18.50  1.542 3.4120E-01
 20.00  1.550 3.1750E-01
 21.30  1.550 3.6130E-01
 22.50  1.580 3.0080E-01
 25.00  1.613 3.2410E-01
 27.90  1.625 3.0650E-01
 30.00  1.626 2.9780E-01
 35.00  1.607 3.0620E-01
 40.00  1.595 3.5130E-01
