  0.25  1.387 8.7300E-07
  0.30  1.376 3.5140E-07
  0.35  1.371 6.0170E-08
  0.40  1.366 6.6170E-09
  0.45  1.365 4.9550E-09
  0.50  1.363 3.4510E-09
  0.55  1.361 3.3190E-09
  0.60  1.359 1.1760E-08
  0.65  1.358 2.0790E-08
  0.70  1.358 6.1640E-08
  0.75  1.357 3.1220E-07
  0.80  1.355 4.3350E-07
  0.90  1.354 7.5710E-06
  1.00  1.351 2.6230E-05
  1.25  1.348 6.7740E-05
  1.50  1.344 2.6250E-04
  1.75  1.336 2.1190E-04
  2.00  1.330 1.0830E-03
  2.50  1.290 2.1220E-03
  3.00  1.411 2.2770E-01
  3.20  1.480 7.7290E-02
  3.39  1.433 1.9580E-02
  3.50  1.414 8.0820E-03
  3.75  1.386 3.1450E-03
  4.00  1.373 4.0590E-03
  4.50  1.359 1.1370E-02
  5.00  1.350 1.0730E-02
  5.50  1.319 1.0250E-02
  6.00  1.290 9.0770E-02
  6.20  1.403 7.6840E-02
  6.50  1.359 3.3420E-02
  7.20  1.330 2.7860E-02
  7.90  1.312 3.0370E-02
  8.20  1.309 3.2550E-02
  8.50  1.312 3.4890E-02
  8.70  1.327 3.6560E-02
  9.00  1.328 3.7890E-02
  9.20  1.315 3.8910E-02
  9.50  1.300 3.9940E-02
  9.80  1.285 4.2510E-02
 10.00  1.272 4.4750E-02
 10.60  1.233 5.8370E-02
 11.00  1.208 8.2800E-02
 11.50  1.186 1.2040E-01
 12.50  1.173 2.1790E-01
 13.00  1.191 2.5650E-01
 14.00  1.244 3.1130E-01
 14.80  1.287 3.3410E-01
 15.00  1.300 3.4000E-01
 16.40  1.382 3.7000E-01
 17.20  1.446 3.7680E-01
 18.00  1.483 3.7600E-01
 18.50  1.498 3.7270E-01
 20.00  1.527 3.5230E-01
 21.30  1.536 3.4280E-01
 22.50  1.549 3.3790E-01
 25.00  1.570 3.3050E-01
 27.90  1.586 3.2820E-01
 30.00  1.588 3.2330E-01
 35.00  1.571 3.6370E-01
 40.00  1.556 4.8900E-01
