  0.25  1.368 3.2440E-08
  0.30  1.354 1.5730E-08
  0.35  1.348 6.6580E-09
  0.40  1.344 2.2290E-09
  0.45  1.341 1.4270E-09
  0.50  1.339 1.4070E-09
  0.55  1.337 2.3240E-09
  0.60  1.336 1.1070E-08
  0.65  1.335 1.6410E-08
  0.70  1.335 3.2910E-08
  0.75  1.334 1.5220E-07
  0.80  1.333 1.2320E-07
  0.90  1.332 4.7550E-07
  1.00  1.331 2.8280E-06
  1.25  1.327 8.6200E-06
  1.50  1.325 1.9640E-04
  1.75  1.317 1.1430E-04
  2.00  1.310 1.1070E-03
  2.50  1.265 1.8310E-03
  3.00  1.367 2.6400E-01
  3.20  1.470 9.4330E-02
  3.39  1.420 2.9240E-02
  3.50  1.399 1.6130E-02
  3.75  1.370 9.2720E-03
  4.00  1.353 1.0100E-02
  4.50  1.334 1.8230E-02
  5.00  1.327 1.7320E-02
  5.50  1.300 1.9360E-02
  6.00  1.272 1.1100E-01
  6.20  1.366 9.1490E-02
  6.50  1.340 4.3220E-02
  7.20  1.307 3.8610E-02
  7.90  1.287 5.4460E-02
  8.20  1.282 6.2710E-02
  8.50  1.282 6.9220E-02
  8.70  1.284 7.1140E-02
  9.00  1.280 6.6750E-02
  9.20  1.271 6.6150E-02
  9.50  1.262 7.6350E-02
  9.80  1.260 7.6520E-02
 10.00  1.248 6.9100E-02
 10.60  1.203 7.9740E-02
 11.00  1.176 1.1440E-01
 11.50  1.161 1.5250E-01
 12.50  1.151 2.5620E-01
 13.00  1.171 3.0000E-01
 14.00  1.229 3.6210E-01
 14.80  1.274 3.8740E-01
 15.00  1.284 3.9340E-01
 16.40  1.354 4.2640E-01
 17.20  1.401 4.3630E-01
 18.00  1.447 4.0860E-01
 18.50  1.465 4.0330E-01
 20.00  1.496 3.7630E-01
 21.30  1.504 3.7510E-01
 22.50  1.522 3.5470E-01
 25.00  1.549 3.4890E-01
 27.90  1.566 3.3180E-01
 30.00  1.568 3.2130E-01
 35.00  1.549 3.2940E-01
 40.00  1.536 3.7750E-01
