  0.25  1.377 2.6500E-03
  0.30  1.365 7.0680E-04
  0.35  1.360 4.4170E-04
  0.40  1.356 4.4170E-04
  0.45  1.354 4.4170E-04
  0.50  1.352 4.4170E-04
  0.55  1.350 5.3010E-04
  0.60  1.349 5.3010E-04
  0.65  1.349 6.1840E-04
  0.70  1.349 6.1850E-04
  0.75  1.348 7.5110E-04
  0.80  1.346 8.8360E-04
  0.90  1.345 1.1490E-03
  1.00  1.344 1.3720E-03
  1.25  1.340 1.6870E-03
  1.50  1.338 2.1700E-03
  1.75  1.327 1.6370E-03
  2.00  1.316 1.7100E-03
  2.50  1.275 2.6460E-03
  3.00  1.375 2.4990E-01
  3.20  1.474 8.4940E-02
  3.39  1.424 2.1720E-02
  3.50  1.404 9.0110E-03
  3.75  1.376 3.5440E-03
  4.00  1.360 4.6350E-03
  4.50  1.343 1.3360E-02
  5.00  1.336 1.2360E-02
  5.50  1.311 1.2170E-02
  6.00  1.278 9.9580E-02
  6.20  1.369 8.2610E-02
  6.50  1.350 3.8650E-02
  7.20  1.320 3.5450E-02
  7.90  1.286 3.6650E-02
  8.20  1.262 4.0830E-02
  8.50  1.280 5.2450E-02
  8.70  1.372 6.0170E-02
  9.00  1.377 6.9060E-02
  9.20  1.338 7.4940E-02
  9.50  1.305 5.4610E-02
  9.80  1.286 5.2060E-02
 10.00  1.271 5.4260E-02
 10.60  1.230 6.7630E-02
 11.00  1.203 9.2670E-02
 11.50  1.174 1.3360E-01
 12.50  1.167 2.4080E-01
 13.00  1.188 2.8290E-01
 14.00  1.241 3.4380E-01
 14.80  1.274 3.6980E-01
 15.00  1.283 3.8420E-01
 16.40  1.382 4.0340E-01
 17.20  1.447 4.1250E-01
 18.00  1.472 4.0430E-01
 18.50  1.479 3.9880E-01
 20.00  1.537 3.7770E-01
 21.30  1.541 3.6580E-01
 22.50  1.550 3.5850E-01
 25.00  1.562 3.4930E-01
 27.90  1.575 3.3470E-01
 30.00  1.575 3.2550E-01
 35.00  1.566 3.4170E-01
 40.00  1.549 3.9520E-01
